34,1,2,2,2,2,2,2,2,2,2,2,2,0.90,95,28,4.0,75,1
39,1,1,1,2,2,2,1,1,2,2,2,2,1.30,78,30,4.4,85,1
32,1,2,1,1,2,2,2,1,2,1,2,2,1.00,59,249,3.7,54,1
41,1,2,1,1,2,2,2,1,2,2,2,2,0.90,81,60,3.9,52,1
30,1,2,2,1,2,2,2,1,2,2,2,2,2.20,57,144,4.9,78,1
38,1,1,2,1,1,1,2,2,2,2,1,2,2.00,72,89,2.9,46,1
40,1,1,2,1,2,2,2,1,2,2,2,2,0.60,62,166,4.0,63,1
38,1,2,2,2,2,2,2,2,2,2,2,2,0.70,53,42,4.1,85,2
38,1,1,1,2,2,2,1,1,2,2,2,2,0.70,70,28,4.2,62,1
22,2,2,1,1,2,2,2,2,2,2,2,2,0.90,48,20,4.2,64,1
27,1,2,2,1,1,1,1,1,1,1,2,2,1.20,133,98,4.1,39,1
31,1,2,2,2,2,2,2,2,2,2,2,2,1.00,85,20,4.0,100,1
42,1,2,2,2,2,2,2,2,2,2,2,2,0.90,60,63,4.7,47,1
25,2,1,1,2,2,2,2,2,2,2,2,2,0.40,45,18,4.3,70,1
27,1,1,2,1,1,2,2,2,2,2,2,2,0.80,95,46,3.8,100,1
58,2,2,2,1,2,2,2,1,2,1,2,2,1.40,175,55,2.7,36,1
61,1,1,2,1,2,2,1,1,2,2,2,2,1.30,78,25,3.8,100,1
51,1,1,1,1,1,2,2,2,2,2,2,2,1.00,78,58,4.6,52,1
39,1,1,1,1,1,2,2,1,2,2,2,2,2.30,280,98,3.8,40,1
41,2,2,1,1,1,1,2,2,2,2,2,2,0.70,81,53,5.0,74,1
26,2,1,2,2,2,2,2,1,2,2,2,2,0.50,135,29,3.8,60,1
35,1,2,2,1,2,2,2,2,2,2,2,2,0.90,58,92,4.3,73,1
23,1,2,2,1,1,1,2,2,1,2,2,2,1.30,194,150,4.1,90,1
42,1,1,2,2,2,2,2,2,2,2,2,2,1.00,85,14,4.0,100,1
65,1,2,2,1,1,2,2,1,1,1,1,2,0.30,180,53,2.9,74,2
52,1,1,1,2,2,2,2,2,2,2,2,2,0.70,75,55,4.0,21,1
33,1,2,2,2,2,2,2,2,2,2,2,2,1.00,46,90,4.4,60,1
56,1,1,2,1,2,2,2,2,2,2,2,2,0.70,71,18,4.4,100,1
28,2,2,2,1,1,2,2,1,2,2,2,2,1.80,191,420,3.3,46,1
36,1,1,2,2,2,2,2,2,1,2,2,2,0.80,85,44,4.2,85,1
38,1,2,1,1,1,1,2,2,2,1,2,2,0.70,125,65,4.2,77,1
44,1,2,2,2,2,2,2,2,2,2,2,2,0.60,110,145,4.4,70,1
40,1,2,1,1,2,2,2,1,1,2,2,2,1.20,85,31,4.0,100,1
30,1,2,2,1,2,2,2,2,2,2,2,2,0.70,50,78,4.2,74,1
30,1,2,1,2,2,2,2,2,2,2,2,2,0.70,52,38,3.9,52,1
64,1,2,1,1,1,2,1,1,2,2,2,2,1.00,80,38,4.3,74,1
37,1,2,2,2,2,2,2,2,2,2,2,2,0.70,26,58,4.5,100,1
32,1,2,2,2,2,2,2,2,2,2,2,2,0.70,102,64,4.0,90,1
32,1,2,2,1,1,1,2,2,2,1,2,1,3.50,215,54,3.4,29,1
36,1,1,2,2,2,2,1,1,1,2,2,2,0.70,164,44,3.1,41,1
49,1,2,2,1,1,2,2,2,2,2,2,2,0.80,103,43,3.5,66,1
39,1,2,2,1,2,2,2,2,2,2,2,2,1.00,34,15,4.0,54,1
32,1,1,1,1,1,2,2,2,2,2,2,2,1.00,55,45,4.1,56,1
34,2,1,1,2,2,2,2,1,2,2,2,2,0.60,30,24,4.0,76,1
34,1,1,2,1,2,2,1,1,2,1,2,2,1.00,72,46,4.4,57,1
36,1,2,2,2,2,2,2,2,2,2,2,2,0.70,62,224,4.2,100,1
30,1,1,2,2,2,2,2,2,2,2,2,2,0.70,100,31,4.0,100,1
62,2,2,2,1,1,2,2,1,2,1,2,2,1.30,141,156,3.9,58,1
28,1,1,2,1,1,1,2,1,2,2,2,2,1.60,44,123,4.0,46,1
38,1,1,2,1,1,1,1,1,2,2,2,2,0.60,76,18,4.4,84,2
50,2,1,2,1,2,2,1,1,1,1,2,2,0.90,230,117,3.4,41,2
59,1,1,2,1,1,2,2,1,1,1,2,2,1.50,107,157,3.6,38,2
40,1,1,1,1,1,1,1,1,2,2,2,2,0.60,40,69,4.2,67,2
30,1,1,2,1,1,2,2,1,2,1,2,2,0.80,147,128,3.9,100,2
47,1,2,2,2,2,2,2,2,2,1,2,1,2.00,84,23,4.2,66,2
48,1,1,2,1,1,2,2,1,2,1,1,1,4.80,123,157,2.7,31,2
27,1,1,2,1,2,2,2,1,2,2,2,2,2.40,168,227,3.0,66,2
51,1,1,2,1,1,1,2,1,1,1,2,1,4.60,215,269,3.9,51,2
47,1,2,2,1,1,2,2,1,2,2,1,1,1.70,86,20,2.1,46,2
54,1,1,1,2,2,2,1,1,2,2,2,2,1.00,155,225,3.6,67,2
33,1,1,2,1,1,2,2,2,2,2,1,2,0.70,63,80,3.0,31,2
42,1,1,1,1,1,2,2,2,2,1,2,2,0.50,62,68,3.8,29,2
50,1,2,2,2,2,2,2,2,2,2,2,2,1.00,139,81,3.9,62,2
20,1,1,2,1,1,1,2,2,2,1,1,2,1.00,160,118,2.9,23,2
50,1,2,2,2,2,2,2,1,1,1,2,2,1.00,85,75,4.0,72,2
34,2,2,2,1,1,1,1,1,2,1,2,2,0.70,70,24,4.1,100,2
50,1,2,2,1,2,2,2,1,1,2,1,1,2.80,155,75,2.4,32,2
54,1,1,2,1,1,2,2,2,2,2,1,2,1.20,85,92,3.1,66,2
57,1,1,2,1,1,2,2,2,2,1,1,2,4.60,82,55,3.3,30,2
54,1,2,2,2,2,2,2,2,2,2,2,2,1.00,85,30,4.5,0,2
72,1,2,1,1,2,2,2,1,2,2,2,2,1.00,115,52,3.4,50,2
38,1,1,2,2,2,2,2,1,2,2,2,2,0.40,243,49,3.8,90,2
25,1,2,2,1,2,2,1,1,1,1,1,1,1.30,181,181,4.5,57,2
38,1,2,2,2,2,2,2,1,2,1,2,1,1.60,130,140,3.5,56,2
47,1,2,2,1,1,2,2,1,2,1,1,1,1.00,166,30,2.6,31,2
45,1,2,1,2,2,2,2,2,2,2,2,2,1.30,85,44,4.2,85,2
49,1,1,2,1,1,2,2,2,1,1,2,2,1.40,85,70,3.5,35,2
31,1,1,2,1,2,2,2,2,2,2,2,2,1.20,75,173,4.2,54,2
53,2,1,2,1,2,2,2,2,1,1,2,1,1.50,81,19,4.1,48,2
43,1,2,2,1,2,2,2,2,1,1,1,2,1.20,100,19,3.1,42,2
