0.692,0.792
0.685,0.804
0.196,0.205
0.700,0.815
0.683,0.783
0.218,0.190
0.680,0.801
0.686,0.788
0.179,0.213
0.699,0.810
0.193,0.191
0.701,0.790
0.694,0.816
0.207,0.204
0.211,0.210
0.177,0.199
0.682,0.801
0.204,0.214
0.698,0.823
0.190,0.187
0.199,0.195
0.718,0.807
0.196,0.203
0.698,0.802
0.206,0.205
0.697,0.796
0.211,0.216
0.216,0.201
0.193,0.214
0.202,0.185
0.692,0.803
0.699,0.796
0.193,0.202
0.192,0.201
0.713,0.800
0.203,0.201
0.213,0.205
0.176,0.190
0.708,0.801
0.207,0.226
0.195,0.198
0.211,0.211
0.202,0.203
0.201,0.190
0.199,0.198
0.206,0.208
0.706,0.784
0.707,0.801
0.698,0.804
0.720,0.797
0.709,0.783
0.181,0.222
0.696,0.789
0.212,0.229
0.717,0.791
0.695,0.796
0.199,0.194
0.218,0.210
0.208,0.180
0.704,0.784
0.205,0.197
0.183,0.195
0.700,0.819
0.197,0.204
0.200,0.204
0.206,0.190
0.179,0.199
0.217,0.211
0.205,0.203
0.715,0.808
0.727,0.816
0.197,0.213
0.206,0.194
0.716,0.805
0.187,0.201
0.203,0.196
0.670,0.813
0.708,0.794
0.190,0.202
0.688,0.782
0.708,0.809
0.197,0.213
0.196,0.198
0.697,0.798
0.198,0.209
0.686,0.791
0.192,0.195
0.194,0.205
0.202,0.189
0.682,0.802
0.194,0.200
0.689,0.809
0.701,0.801
0.710,0.817
0.213,0.199
0.179,0.179
0.691,0.804
0.691,0.799
0.201,0.204
0.196,0.195
