0,0,0.5,0,0.5,0.5,0.5,0,0,0,0,0,0,0,0,0,1.01,1.01,3.04,0,1.01,0,0,0,0,0,0,0,0,0,0,0,0,0,0,0,0,0,0,0,0,0,0,0,0,0,0,0,0,0.089,0,0.178,0,0,1.792,17,95
0,0,0,0,0,0,0,0,0,0,0,0,0,0,0,0,0,0,0,0,0,0,0,0,0,0,20,0,0,0,0,0,0,0,0,0,0,0,0,0,0,0,0,0,0,0,0,0,0,0,0,0,0,0,1,1,5
0,0,0,0,0,0,0,0,0.94,0,0,0,0,0,0,0,0,0,0,0,0,0,0,0,0,0,0,0,0,0,0,0,0,0,0,0,0,0,0,0,0.94,0,0,0,0.94,0.94,0,0,0,0.203,0,0,0,0,1.416,6,34
0,0,0,0,0,0,0,0,0,0,0,0,0,0,0,0,0,0,0,0,0,0,0,0,0,0,25,0,0,0,0,0,0,0,0,0,0,0,0,0,0,0,0,0,0,0,0,0,0,0,0,0,0,0,1,1,4
0,0,0,0,0,0,0,0,0,0,0,0,0,0,0,0,0,0,0,0,0,0,0,0,0,0,0,0,0,0,0,0,0,0,0,0,0,0,0,0,0,0,0,0,0,0,0,0,0,0,0,0,0,0,2.5,4,5
0,0,0.91,0,0,0.45,0,0,0,0,0,0.45,0,0,0,0,0,0.45,2.28,0,1.36,0,0,0,0.45,0,0,0,0,0,0,0,0,0,0,0,0,0,0,0,0,0,0,0,0,0,0,0,0,0.416,0,0.486,0,0,3.782,31,87
0,0,0,0,0,0,0,0,0,0,0,0,0,0,0,0,0,0,1.78,0,0,0,0,0,1.78,1.78,0,0,0,0,0,0,3.57,0,0,0,0,0,0,0,0,0,0,0,0,0,0,0,0,0,0,0,0,0,1.5,9,30
0,0,0,0,0,0,0,0,0,0,0,0,1.08,0,0,0,0,0,2.17,0,0,0,0,0,0,0,0,0,0,0,0,0,0,0,0,0,1.08,0,0,0,3.26,0,0,0,0,3.26,0,0,0,0,0,0,0,0,3.066,10,46
0.4,0,0.4,0,0,0,0,0,0,0,0,0,0.4,0,0,0,0,0,1.61,0,0,0,0,0,0,0,0,0,0.4,0,0,0,0,0,0,0,0,0,0,0,0,0,0,0,0,0,0,0,0,0,0,0,0,0,1.148,3,31
0,0,0,0,0,0,0,0,0,0,0,1.92,0,0,0,0,0,0,0,0,0,0,0,0,0,0,0,0,0,0,0,0,0,0,0,0,0,0,0,0,0,0,0,0,0,0,0,0,0,0,0,0,0,0,1.655,8,48
0.71,0,0.71,0,0,0,0,0,0,0.71,0,1.43,0,0,0,1.43,0,0,1.43,0,0,0,0,0,0,0,0,0,0,0,0,0,0,0,0,0,0,0,0,0,0,0,0,0,0,1.43,0,0,0,0,0,0,0,0,1.032,2,32
0.06,0.04,0.29,0,0.08,0.06,0,0.13,0.02,0.11,0,0.47,0,0.02,0.02,0.13,0.13,0.08,0.24,0,0.17,0,0,0,0,0,0,0.02,0.02,0,0,0,1.7,0,0,0.22,0.83,0.02,0,0,0.06,0.04,0.02,0.06,0,0.29,0.02,0.15,0.032,0.176,0,0.003,0.003,0,2.201,79,2631
0,0,0,0,0,0,0,0,0,0,0,0,0,0,0,0,0,0,0,0,0,0,0,0,20.83,4.16,0,0,0,0,0,0,0,0,0,0,0,0,0,0,0,0,0,0,0,0,0,0,0,0,0,0,0,0,3.555,18,64
0,0,0.26,0,0.26,0,0,0,0,0,0.26,1.06,0,0.26,0.26,0.8,0,0.26,1.33,0,0,0,0,0,0,0,0,0,0,0,0,0,0,0,0,0,0,0,0,0,0,0,0,0,0,0,0,0,0,0.299,0,0.471,0,0,2.088,15,188
0,0,0,0,0,0,0,0,0,0,0,0,0,0,0,0,0,0,4.34,0,0,0,0,0,0,0,0,0,0,0,0,0,0,0,0,0,0,0,0,0,0,0,0,0,0,0,0,0,0,0,0,7.843,0,0,1.666,5,15
0,0,0,0,0,0,0,0,0,0,0,0,0,0,0,0,0,0,0,0,0,0,0,0,0,0,25,0,0,0,0,0,0,0,0,0,0,0,0,0,0,0,0,0,0,0,0,0,0,0,0,0,0,0,2,4,6
0,0,0.32,0,0.65,0.65,0.32,0.32,0,0,0,0.32,0.32,0,0,0.32,0.32,0,2.28,0,3.25,0,0,0.32,0,0,0,0,0,0,0,0,0,0,0,0,0,0,0,0,0,0,0,0,0.65,0,0,0,0,0.111,0,0,0.166,0,1.494,10,139
0.49,0.49,0.49,0,0,0,0.49,0,0,0,0,1.98,0,0,0,0.49,0,0.49,3.46,0,0.99,0,0,0,0,0,0,0,0,0,0,0,0,0,0,0.49,0,0,0,0,0,0,0,0,0,0,0,0,0,0.195,0,0.845,0.195,0,7.205,47,281
0,0,0,0,0,0,0,0,0,0,0,0,0,0,0,0,0,4.44,2.22,0,2.22,0,0,0,0,0,4.44,0,0,0,0,0,0,0,0,0,2.22,0,2.22,0,0,0,2.22,0,4.44,0,0,0,0,0,0,0,0,0,1.947,12,37
0,0,0,0,0,0,0,0,0,0,0,0.46,0.46,0,0,0,0,0,1.38,0,0.46,0,0,0,0.46,0,0,0,0,0,0,0,0,0,0,0,0.92,0,1.38,0,0.92,0.46,1.38,0,1.38,0.92,0,0,0.149,0.074,0.149,0,0,0,1.76,12,132
0,0,0,0,0,0,0,0,0,0,0,0,0,0,0,0,0,0,0,0,0,0,0,0,0,0,0,0,0,0,0,0,0,0,0,0,0,0,0,0,0,0,0,0,0,0,0,0,0,0,0,0,0,0,1.5,3,6
0.05,0,0.17,0,0.28,0,0,0,0.51,0,0,0.17,0,0.05,0,0,0,0.05,0.22,0,0.17,0,0,0,0.96,1.02,0.05,0,0,0,0,0,0.28,0,0,0.11,0.73,0,0,0,0,0,0,0,0,0,0,0,0.165,0.182,0.091,0,0.016,0,2.777,38,1161
0,0,0.58,0,0,0,0,0,0,0,0,0,0,0,0,0,1.16,0.58,0.58,0,0,0,0,0,1.16,0.58,1.16,1.74,0.58,0.58,0.58,0.58,0,0.58,0.58,0.58,0,0,0,0.58,0,0,0,0,0.58,0,0,0,0,0.658,0,0.282,0,0,1.932,11,114
0,0,0,0,0,0,0,0,0,0.74,0,0,0,0,0,0,0,0,0.74,0,0,0,0,0,0.74,0.74,0,1.48,0,0,0,0,0,0,0,0.74,0,0,0,0,0,0,0,0,0.74,0,0,0,0,0.257,0,0,0,0,2.638,11,95
0,0,0.71,0,0,0,0,0,0,0,0,1.43,0,0,0,0,0,1.43,0.71,0,2.87,0,0,0,2.15,0.71,1.43,0,0,1.43,0,0,0,0,2.15,0,0,0,0,0,0.71,0,0,0,0,0,0,0,0.08,0.322,0,0,0,0,3.9,27,156
0,0,0,0,0,0,0,0,0,0,0,0,0,0,0,0,0,0,0,0,0,0,0,0,0,0,20,0,0,0,0,0,0,0,0,0,0,0,0,0,0,0,0,0,0,0,0,0,0,0,0,0,0,0,1,1,5
0,0,0,0,0,0,0,1.08,0,0,0,0,0,0,0,0,0,0,0,0,0,0,1.08,0,0,0,0,0,0,0,0,0,0,0,0,0,0,0,0,0,0,0,0,0,1.08,0,0,0,0,0.194,0,0,0.389,0,3.6,16,72
0.06,0.65,0.71,0,0.39,0.65,0.52,0.19,1.04,0.52,0.06,0.39,0.32,0,1.17,0.13,0.06,1.1,1.3,0,1.04,0,0.52,0.19,0,0,0,0,0,0,0,0,0,0,0,0,0,0,0,0.06,0,0,0,0,0,0.06,0,0,0,0.085,0,0.287,0.106,0,4.742,117,1342
0,0.15,0,0,0.15,0,0,0,0.15,0.15,0.3,0.46,0,0,0,0,0,0.15,0.3,0,1.07,0,0,0,0,0,0,0,0,0.15,0,0,0.61,0,0,0.15,1.22,0,0,0,0,0,0,0,0,0.61,0,0.15,0.019,0.137,0,0,0,0,2.276,20,485
0,0.66,0.66,0,0.33,0,0,0,0,0,0,0.66,0,0,0,0.33,0,1.32,2.64,0,1.32,0,0,0,0,0,0,0,0,0,0,0,0,0,0,0,0,0,0,0,0,0,0,0,0.33,0,0,0,0,0.053,0,0.583,0,0,4.024,121,326
0,0.49,0.49,0,1.49,0,0,0,0,0.99,0.49,0,0,0,0,0.49,0,0,0.99,0.49,1.99,0,0,0.49,0,0,0,0,0,0,0,0,0,0,0,0,1.49,0,0,0.49,0,0,0,0,0,0,0,0,0,0.078,0,0.625,0.312,0,4.75,47,190
0,0,0,0,0,0,0,0,0,0,0,0.86,0,0,0,0,0,0,0,0,0,0,0,0,0,0,0,0,0.86,0,0,0,4.74,0,0,0.86,0,0,0,0,0,0,0,0.43,0,0,0,0,0,0.062,0,0,0,0,1.21,6,69
0.05,0,0.1,0,0.15,0.05,0,0,0.57,0,0,0.26,0,0,0,0,0,0.05,0.21,0,0.15,0,0,0,0.63,0.68,0.05,0,0,0,0,0,0.73,0,0,0,0.42,0,0,0,0,0,0,0,0,0,0.05,0,0.193,0.17,0.059,0,0.014,0,3.461,66,1170
0,0,0,0,0,0,0,0,0,0,0,0,0,0,0,0,0,0,0,0,0,0,0,0,0,0,0,0,0,0,0,0,0,0,0,0,0,0,0,0,0,0,0,0,0,0,0,0,0,0.354,0,0,0,0,2.187,5,35
0,4.16,0,0,0,0,0,0,0,0,0,4.16,0,0,0,0,0,0,0,0,0,0,0,0,0,0,0,0,0,0,0,0,0,0,0,0,0,0,0,0,0,0,0,0,4.16,0,0,0,0,0,0,0.709,0,0,2.09,6,23
0.7,0,1.05,0,0,0,0,1.4,0.35,0.35,0,0.35,0,0,0,2.1,0.7,0.35,2.1,3.15,2.1,0,0.35,1.4,0,0,0,0,0,0,0,0,0,0,0,0,0,0,0,0,0,0,0,0,0,0,0,0,0,0.116,0,0.348,0,0,1.166,13,189
0,0.95,0.95,0,0,0,0,0,0,0,0,0,0,0,0,0,0,0,0.47,0.47,1.91,0,0,0.47,0,0,0,0,0,0,0,0.47,0,0,0,0,0,0,0,0,0,0,0,0,0,0,0,0,0.067,0.202,0,0.269,0,0,4.18,45,464
0,0,0.32,0,0.64,0.64,0.32,0.32,0,0,0,0.32,0.32,0,0,0.32,0.32,0,2.27,0,3.24,0,0,0.32,0,0,0,0,0,0,0,0,0,0,0,0,0,0,0,0,0,0,0,0,0.64,0,0,0,0,0.111,0,0,0.166,0,1.494,10,139
0,0,1.47,0,0,1.1,0.36,0,0,0,0.36,0.36,0,0,0,0.36,0,0,2.21,1.1,2.95,0,1.47,0,0,0,0,0,0,0,0,0,0,0,0,0,0,0,0,0,0,0,0,0,0,0,0,0,0,0.118,0,0.414,0.888,0.177,3,33,177
0,0,0,0,2.17,0,0,0,0,0,0,2.17,0,0,0,2.17,0,2.17,6.52,0,2.17,0,0,0,0,0,0,0,0,0,0,0,0,0,0,0,0,0,0,0,0,0,0,0,0,0,0,0,0,0,0,0,0,0,1.333,5,16
1.39,0,2.09,0,0,0,0,0,0,0,0,6.29,0,0,0,0.69,0,0,4.19,0.69,0.69,0,0,0,0,0,0,0,0,0,0,0,0,0,0,0,0,0,0.69,0,0,0,0,0,0,0,0,0,0,0,0,0.254,0,0,2,13,64
0,0,0.5,0,0,0.5,0,0,0,0,0,0,1,0,0,0,0,0,2,0,0,0,0,0,0,0,0,0,0,0,0,0,0,0,0,0,0,0,0,0,0,0,0,0,1,0.5,0,0,0,0,0,0,0,0,2.527,47,91
0,0,0,0,0,0,0,0,0,0,0,0,0,0,0,0,0,0,0,0,0.24,0,0,0,1.93,1.69,0.72,0.24,0.24,0.24,0.24,0.24,0.24,0.24,0.24,0.24,0.24,0,0,0.24,0,0,0.24,0,0.24,0.48,0,0,0,0.148,0.074,0,0,0,2.386,12,210
0,0,0,0,0,0,0,0,0,0,0,0,0,0,0,0,0,0,0,0,0,0,0,0,0,0,0,0,0,0,0,0,0,0,0,0,0,0,0,0,0,0,0,0,0,0,0,0,0,0,0,0,0,0,2,3,8
0,0,0,0,0,0,0,0,0,0,0,0,0,0,0,0,0,2,0,0,0,0,0,0,4,2,2,4,0,2,0,0,0,0,2,0,0,0,0,0,0,0,0,0,2,0,0,0,0,0,0,0,0,0,2.095,11,44
0,0,0.55,0,1.11,0,0.18,0,0,0,0,0,0.92,0,0.18,0,0.37,0.37,3.15,0,0.92,0,0,0,0,0,0,0,0,0,0,0,0,0,0,0,0,0,0,0,0,0,0,0,0,0,0,0,0,0.182,0,0.455,0,0,1.32,4,70
0,0,0,0,0,0,0,0,0,0,0,0,0,0,0,0,0,0,0,0,0,0,0,0,0,0,0,8.33,0,0,0,0,0,0,0,0,0,0,0,0,0,0,0,0,0,0,0,0,0,2.013,0,0,0,0,3.5,28,42
0,0,0,0,0,0,2.1,0,0,0,0,1.05,0,0,0,0,0,0,4.21,0,0,0,0,0,0,0,0,0,0,0,0,0,0,0,0,0,0,0,0,0,0,0,0,0,0,0,0,0,0,0,0,0,0,0,2.695,15,62
0,0,0,0,0,0,0,0,0,0,0,0,0,0,0,0,0,0,0,0,0,0,0,0,0,0,0,0,0,0,0,0,0,0,0,0,0,0,0,0,0,0,0,0,0,0,0,0,0,0.689,0,0,0,0,1.666,3,10
0,0,0,0,0,0.69,0,0,0.23,0,0,0,0,0,0,0,0,0,0,0,0,0,0,0,0.92,0.92,0,0,0,0,0,0,0.46,0,0,0,0.23,0,0.23,0.23,0,0,0.23,0,0,0.69,0,0,0.033,0,0.033,0,0,0,1.554,13,143
0,0,0,0,0,0,0,0,0,0.72,0,0.72,0,0,0,0,0,0,4.37,0,0,0,0,0,1.45,0,0,0,0,0,0,0,0,0,0,0,0,0,0,0,0,0,0,0,0,0,0,0,0,0,0.107,0,0,0,1.48,9,37
0.87,0.17,0.52,0,0,0.32,0,0.04,0.29,0.42,0.39,1.37,0.87,1.69,0,0.32,0.54,0.22,3.47,0.29,1.32,0,0.34,0.84,0,0,0,0,0,0,0,0,0,0,0,0,0,0,0,0,0,0,0,0.02,0.07,0,0.04,0,0.016,0.058,0,0.639,0.165,0.182,3.697,117,3498
0,0,0,0,0,0,0,0,0,0,0,0,0,0,0,0.38,0,0.38,2.31,0,0.77,0,0,0,0,0,0,0,0,0,0,0,0,0,0,0,0,0,0,0,0,0,0,0,0.38,0,0,0,0,0.216,0,0.162,0,0.054,5.07,70,289
0,0,0,0,0,0,0,0,0.89,0,0,0,0,0,0,0,0,0,0.89,0,3.57,0,0,0,0,0,0,0,0,0,0,0,0,0,0,0,0,0,0,0,0,0,0,0,0,0,0,0,0,0.13,0,0.52,0,0,3.5,46,105
0,0,2.32,0,0,0,0,0,0,2.32,0,0,0,0,1.16,0,0,0,2.32,0,0,0,0,0,0,2.32,0,0,0,0,0,0,0,0,0,0,0,0,0,0,0,0,1.16,0,1.16,0,0,0,0,0.204,0,0,0,0,1.75,11,35
0,0,0.51,0,0.51,0,0,0.51,0,0,0,1.02,0,0,2.05,0,0,0.51,2.56,0,2.56,0,1.53,0,0,0,0,0,0,0,0,0,0,0,0,0,0,0,0.51,0.51,0,0,0,0,0.51,0,0,0,0,0.189,0,0.094,0.473,0,5.038,60,131
0,0,0,0,0,0,0,0,0,0,0,0,0,0,0,2.22,0,0,2.22,0,2.22,0,0,0,0,0,0,0,0,0,0,0,0,0,0,0,0,0,0,0,0,0,0,0,0,0,0,0,0,0,0.145,0.145,0.291,0,2.95,11,59
0,0,0,0,0,0,0,0,0,0,0,0,0,0,0,0,0,5.26,5.26,0,0,0,0,0,0,0,0,0,0,0,0,0,0,0,0,0,0,0,0,0,0,0,0,0,0,0,0,0,0,0,0,0,0.338,0,1.666,5,10
0.4,0,0,0,0.8,0,0.4,2.8,0,1.2,1.2,2.8,0,0,0,0.4,0,0,4,0,0.8,0,0,1.2,0,0,0,0,0,0,0,0,0,0,0,0,0,0,0,0,0,0,0,0,0,0,0,0,0.052,0,0,0.105,0.052,0.052,1.194,5,129
0,0,0.68,0,0,0,0,0,0,0,0,0,0,0,0,0.68,0,0,0,0,0,0,0,0,0.68,1.36,0,0,0,0,0,0,0,0,0,0,0,0,0,0,0,0,0,0,0,0,0,0,0,0,0,0.309,0,0,1.6,4,32
0,0,0,0,0,0,0,0,0,0,0,0,0,0,0,0,0,0,6.45,0,0,0,0,0,0,0,0,0,0,0,0,0,0,0,0,0,0,0,0,0,0,0,0,0,3.22,0,0,0,0,0,0,0,0,0,1.5,4,18
0,0,0,0,0,0,0,0,0,0,0,0,0.68,0,0,0,0,0,4.1,0,0,0,0,0,0,0,0,0,0,0,0,0,0,0,0,0,0.68,0,0,0,0,0,0,0,0.68,3.42,0,0,0,0,0,0.109,0.218,0,1.897,15,74
0,0,1.13,0,0.37,0,0,0,0,0,0,0,0,0,0,0.37,0,0.37,1.13,0,0.37,0,0,0,0,0,0,0,0,0,0,0,0,0,0,0,0,0,0,0,0,0,0,0,0,0,0,0,0,0.145,0,0.436,0,0,1.792,55,147
0,0,0,0,0,0,0,0,0,0,0,0,0,2.06,0,0,0,0,0,0,0,0,0,0,0,0,0,0,0,0,0,0,0,0,0,1.03,0,0,0,0,0,0,0,0,1.03,0,0,0,0,0.17,0,0.17,0.341,0,3.809,24,80
0,0,0,0,0,0,0,0,0,0,0,0,0,0,0,0,0,0,1.17,0,0,0,0,0,4.7,2.35,0,0,0,0,0,0,0,0,0,0,0,0,0,0,0,0,0,0,0,0,0,0,0,0,0,0,0,0,2.882,21,49
0.17,0.11,0.05,0,0.4,0.11,0,0.4,0,0,0,0.34,0.11,0,0,0,0,0,1.15,0,0.57,0,0.05,0,0.52,0,0,0,0,0,0,0,0.23,0,0.17,0,0.63,0,0,0,0,0,0,0.05,0,0,0,0,0.007,0.304,0,0.053,0.03,0,2.548,49,1134
0,0,0,0,0,0,0,0,0,0,0,0,0,0,0,0,0,0,0,0,0,0,0,0,1.92,0,0,0,0,0,0,0,3.84,0,0,0,1.92,0,3.84,0,0,0,0,0,0,0,0,0,0,0,0,0.178,0,0,1.666,7,50
0,0,0.72,0,1.45,0.36,0,0,0,1.45,0,1.09,0,0,0,0.72,0,0,2.54,1.81,0.72,0,0,0,0.36,0.36,0,0,0,0,0,0,0,0,0,0,0,0,0,0,0,0,0,0,0,0,0,0,0,0.056,0,0.963,0.113,0.17,2.622,47,139
0,0,0,0,0,0,0,0,0,0,0,0,0,0,0,0,0,0,0,0,0,0,0,0,0,0,16.66,0,0,0,0,0,0,0,0,0,0,0,0,0,0,0,0,0,0,0,0,0,0,0,0,0,0,0,1,1,5
0,0,0,0,0,0,0,0,0,0,0,0,0,0,0,0,0,0,4.34,0,0,0,0,0,0,0,0,4.34,0,0,0,0,0,0,0,0,0,0,0,0,0,0,0,0,0,0,0,0,0,0.735,0,0.735,0,0,2.571,10,18
0,0,0.4,0,0.4,0.2,0,0,0,1.01,0.2,0.4,0,0,0,0.2,0.4,0.2,0.8,0,0.4,0,0.2,0,0,0,0,0,0,0,0,0,0,0,0,0,0,0,0,0.2,0,0,0,0,0,0,0,0,0,0.03,0,0,0.302,0,1.727,11,190
0,14.28,0,0,0,0,0,0,0,0,0,0,0,0,0,0,0,0,0,0,0,0,0,0,0,0,0,0,0,0,0,0,0,0,0,0,0,0,0,0,0,0,0,0,0,0,0,0,0,0,0,0,0,0,1.8,5,9
0,0,0,0,1.11,0,0,0,0,0,1.11,0,0,0,0,0,0,0,0,0,0,0,0,0,0,0,1.11,0,0,0,0,0,1.11,0,0,0,0,1.11,0,0,0,2.22,0,0,0,0,0,0,0,0.363,0,0.181,0,0,1.285,4,27
0.18,0,0.18,0,1.57,0.36,0.06,0.06,0.06,0.12,0.06,0.54,0.3,0.06,0,0,0.72,0.06,4.49,0.24,1.09,0,0.85,0.06,0,0,0,0,0,0,0,0,0,0,0,0,0,0,0,0,0,0,0.06,0,0.06,0,0,0,0.01,0.052,0,0.01,0.167,0,1.736,12,441
0,0,0,0,0.88,0,0,0,0,2.65,0.88,0,0,0,0,0,0,0,1.76,0,0,0,0,0,1.76,0.88,1.76,0.88,0.88,0.88,0.88,0.88,0,0.88,0.88,0.88,0.88,0,0.88,0.88,0,0,0.88,0,2.65,0,0,0,0.142,0.855,0,0.285,0,0,1.777,12,80
0,0,0.29,0,0.59,0.29,0.29,0,0.29,1.78,0,0.89,0,0,0,0,0.59,0.29,4.16,0,0.89,0,0,0,0,0,0,0,0,0,0,0,0,0,0,0,0,0,0,0,0,0,0,0,0,0,0,0,0,0.137,0,0.045,0.045,0,12.2,163,488
0,0.42,0.42,0,0,0,0,0,0,0,0,0.84,0,0,0,0,0,0.84,2.95,0,2.53,0,0.84,0,0,0,0,0,0,0,0,0,0,0,0,0,0,0,0,0,0,0,0,0,0,0,0,0,0,0.075,0,0.6,0.3,0,4.02,82,197
0.52,0,2.38,0,0.26,0,0.26,0,0.52,0,0.26,0,0,0,0,0.79,0,0,1.32,0,1.05,0,0,0.52,0,0,0,0,0,0,0,0,0.26,0,0,0.26,0.26,0,0.52,0,0,0,0,0,0,0,0,0,0,0.689,0,0.326,0,0,5.549,71,566
0,0,0.51,0,0,0.51,0,0,0,0,0,0,0.51,0,0,0.51,0,0,1.03,0,0,0,0,0,0,0,0,0,0,0,0,0,0,0,0,0,0,0,0,0,0,0,0,0,0,0,0,0,0,0,0,0.087,0,0,1.218,6,39
0,0,0,0,0,0,0,0,0,0,0,0.96,0,0,0,1.92,0,0,3.84,0,0,0,0,0,0,0,2.88,0,0,0,0,0,0,0,0,0,0.96,0,0,0,0,0,0,0,0.96,0,0,0,0.343,0,0,0.171,0,0,1.291,5,31
0,0.33,0,0,0.33,0,0,0,0,0,0,0.33,0,0,0,0,0,0.33,0,0,0,0,0,0,0.33,0.33,0,0.67,0,0,0,0,0,0,0.33,0,0,0,0,0,0,0,0,0.33,0,0,0,0.33,0,0.088,0,0,0,0,1.87,15,116
0.36,0,1.09,0,0,0,0,0,0,0,0,0.72,1.81,0,0,0,0,0,0.72,0,1.09,0,0,0.72,0,0,0,0,0,0,0,0,0,0,0,0,0,0,0,0,0,0,0,0,0,0,0,0,0.063,0.126,0,0.063,0.126,0,2.562,35,123
0,0,0,0,0,0,0,1.21,0,0,1.21,0,0,0,0,6.09,0,0,1.21,0,1.21,0,0,0,0,0,0,0,0,0,0,0,0,0,0,0,0,0,0,0,0,0,0,0,0,0,0,0,0,0,0,0.407,0,0,3.454,32,76
0,0,0,0,0,0,0,0,0.91,0,0,0.3,0,0,0,0,0,0,0,0,0,0,0,0,0,0,0,0,0,0,0,0,0,0,0.3,0,0,0,0,0,0,0,0,0,0,0,0,0,0.109,0.254,0,0,0,0,3.606,119,357
0.11,0,0.22,0,0.55,0,0,0,0,0,0,0.55,0,0,0,0.11,0.11,0,1.22,0,0,0,0,0,1.22,0.44,0,0,0,0.11,0,0,1.89,0,0,0,0,1.22,0.11,0,0,0,0,0,0.22,0,0,0.11,0.052,0.156,0.034,0.017,0,0.052,3.061,38,600
0,0,0,0,0,0,0,0,0,0,0,0,0,0,0,0,0,0,0,0,0,0,0,0,0,0,0,0,0,0,0,0,0,0,0,0,0,0,0,0,0,0,0,0,14.28,0,0,0,0,0,0,0,0,0,1.25,2,5
0,0,0,0,0,0.23,0,0,0,0,0,0.46,0,0,0,0.46,0.46,0.23,3,0,0.69,0,0,0,0,0,0,0,0,0,0,0,0.23,0,0,0,0,0,0,0,0,0,0,0,0,0,0,0,0.077,0.038,0,0,0,0.038,2.6,42,182
0.86,0,0,0,0,0,0,0,0,0,0,2.6,0,0,0,0,0,0,2.6,0,0,0,0,1.73,0,0,0.86,0,0,0,0,0,0,0,0,0,0,0,0,0,0,0,0,0.86,0,0,0,0.86,0.561,0.14,0,0,0,0,1.352,6,23
0,0,1.6,0,0,0,0,0,0,0,0,0,0,0,0,0,0,1.6,3.2,0,2.4,0,0,0,1.6,0.8,2.4,0.8,0.8,0.8,0.8,0.8,0,0.8,0.8,0.8,0,0,1.6,0.8,0,0,1.6,0,1.6,0,1.6,0,0,0.25,0,0,0,0,2.065,12,95
0,0,0.5,0,0,0,0,0.5,0,0,0,0.5,0,0,0,0.5,0,0,0.5,0,0,0,0,0,0.5,1,0,0,0,0,0,0,0,0,0,0,0.5,0,0,0,0,0,0,0,0,0,0,0,0,0.062,0,0.188,0,0,3.461,47,180
0,0,1.29,0,0,0,0,0,0,0,0,1.29,0,0,0,0,0,0,1.29,0,5.19,0,0,1.29,0,0,0,0,0,0,0,0,0,0,0,0,0,0,0,0,0,0,0,0,0,0,0,0,0,0,0,0,0.208,0,4.818,25,53
0,0,0,0,0,0,0,0,0,0,0,0,0,0,0,1.28,0,0,3.84,0,3.84,0,0,0,0,0,0,0,0,0,0,0,0,0,0,0,0,0,0,0,0,0,0,0,1.28,0,0,0,0,0,0,0.23,0.23,0,5.538,41,72
0,0,0,0,0,0,0,0,0,0,0,0,0,0,0,0,0,0,0,0,0,0,0,0,16.66,0,0,0,0,0,0,0,0,0,0,0,0,0,0,0,0,0,0,0,0,0,0,0,0,0,0,0,0,0,3.125,17,25
0,0,0.29,0,0.29,0.29,0.29,0.29,0,0,0.58,0.87,0,0,0,0.87,0.58,0.29,2.61,2.61,2.9,0,0,0.58,0,0,0,0,0,0,0,0,0,0,0,0,0,0,0,0,0,0,0,0,0,0,0,0,0,0.046,0,0.14,0,0.14,4.892,139,274
0.1,0.2,1.01,0,0.8,0.8,0.5,0,0.8,0.1,0.3,0.7,0.3,0,1.61,0.1,0,1.11,1.31,0.2,0.7,0,0.6,0.1,0,0,0,0,0,0,0,0,0,0,0,0,0,0,0,0,0,0,0.2,0,0.1,0.1,0,0,0,0.11,0,0.49,0.158,0.015,8.55,669,1351
0,0,0,0,0,0,0,0,0,0,0,0,0,0,0,0,0,0,0.91,0,0,0,0,0,0,0,0,0,0.22,0,0,0,0,0,0,0,0.45,0,0,0,0,0,0,0,0,16.7,0,0,0,0.066,0,0,0,0,2.284,19,329
0,0,0,0,0.64,0,0.64,0,0,0,0,0.64,0.64,0,0,0,0,0,3.89,1.29,1.29,0,0,0,0,0,0,0,0,0,0,0,0,0,0,0,0,0,0,0.64,0,0,0,0,0.64,0,0,0,0,0.115,0,0.921,0.345,0,1.833,11,55
0,0,0.57,0,0,0,0,0,0,0,0,0.57,0,0,0,0,0,0,0.57,0,0.57,0,0,0,0.57,0,0,0,0,0,0,0,1.15,0,0,0,0,0,0,0,0,0,0,1.73,0,0,0,0,0,0.093,0,0,0,0,1.136,3,25
0,0,0,0,0,0,0,0,0,0,0,0,0,0,0,0,0,0,0,0,0,0,0,0,0,0,0,0,0,0,0,0,0,0,0,0,0,0,0,0,0,0,0,0,0,0,0,0,0,0,0,0,0,0,3.888,8,35
0,0,0,0,0,0,0,0,0,0,0,0.98,0,0,0,0,0,0,0,0,0,0,0,0,0.49,0.98,0,0,0,0,0,0,0,0,0,0,0,0,0,0,0,0,0,0,0,0,0,0.49,0,0,0,0.159,0,0,1.45,7,74
0,0,0,0,0,0,0,0,0,0,0,1.74,0,0,0,0,0,0,2.9,0,0.58,0,0,0,0,0,0.58,0,0,0,0,0,0,0,0,0,0,0,0,0,0,0,0,0,0,0,0,0,0,0.201,0,0,0,0,1.794,6,70
0,0,0.43,0,0,0,0,0,0,0,0,0.43,1.29,0,0,0,0,0,1.29,0,0.43,0,0,0,0.86,0,0,0,0,0,0,0,0.43,0,0,0.86,0,0,0,0,0,0,0,0,0,0,0,0,0,0.22,0,0.146,0,0,1.341,6,55
0,0,1.26,0,0,0,0,0,0,0,0,0,1.26,0,0,0,2.53,5.06,2.53,0,3.79,0,0,0,0,0,0,0,0,0,0,0,0,0,0,0,0,0,0,0,0,0,0,0,0,0,0,0,0,0,0,1.9,0.475,0,1.763,11,67
0,0,0,0,0,0,0.46,0,0,0,0,0.46,0,0,0,0,0,0,0.46,0,0,0,0,0,0.46,0,0.92,0,0,0,0,0,2.3,0,0,0,0.92,0,0.92,0,0,0,0.92,0,0.46,0,0,0,0.163,0.163,0,0.163,0,0.081,2.343,13,150
0,0,0,0,0,0,0,0,0,0,0,0,0,0,0,0,0,0,0.98,0,1.96,0,0,0,0,0,0,0,0,0,0,0,0.98,0,0,0,0,0,0,0,0,0,0,1.96,0,0.98,0,0,0,0,0,0,0,0,2,13,42
0,0,0,0,0.32,0,0,0,0.32,0.96,0,1.29,0,0,0.32,0.32,0,0,1.29,0,0,0,0,0,0.64,0.64,0,0,0.32,0,0,0,0,0,0,0.32,0.64,0,0.32,0,0,0,0.32,1.29,0.32,0,0,0,0,0.145,0.048,0,0,0,1.967,18,120
0.79,0.19,0.09,0,0,0,0,0.09,0.29,0.09,0.29,0.59,0.69,0,0,0.09,0,0.59,4.09,0,0.89,0,0.39,0.49,0,0,0,0,0,0,0,0,0,0,0,0,0,0,0,0,0,0,0,0,0,0,0,0,0,0.267,0,0.19,0.247,0,2.324,19,365
3.84,0,0,0,0,0,0,0,0,0,0,0,0,0,0,0,0,0,3.84,0,0,0,0,0,0,0,0,0,0,0,0,0,0,0,0,0,0,0,0,0,0,0,0,0,0,3.84,0,0,0,0.645,0,0,0,0,1,1,6
0,0,0,0,0,0,0,0,0,0,0,1.72,0,0,0,0,0,0,3.44,0,1.72,0,0,0,0,1.72,0,0,0,0,0,0,0,0,0,0,0,0,1.72,0,0,0,0,0,0,0,0,0,0,0,0,0,0,0,2.058,5,35
0.05,0.05,0.4,0,0.34,0,0,0,0.57,0.05,0,0.28,0.11,0,0,0.17,0,0,1.09,0.05,0.92,0,0,0.05,0,0,0,0,0.05,0,0,0,0,0,0,0,0,0,0,0,0,0.11,0,0,0.05,0,0,0,0.019,0.099,0,0.099,0.079,0.009,4.906,95,1310
0,0,0,0,0,0,0,0,0,0,0,2.15,0,0,0,0,0,0,1.07,0,0,0,0,0,5.37,1.07,0,0,3.22,0,1.07,0,0,0,0,0,1.07,0,0,0,0,3.22,1.07,0,0,0,0,0,0,0.388,0.194,0,0,0.194,2.666,13,104
0,0,0,0,0,0,0,3.12,0,0,0,0,0,0,0,0,0,0,0,0,0,0,0,0,0,0,0,0,0,0,0,0,0,0,0,0,0,0,0,0,0,0,0,0,1.04,0,0,0,0,0.198,0,0.198,0.198,0,3.857,25,81
0,0,1.81,0,2.01,0,0,0,0,0,0.2,0,0,0,0,0.4,0,0.2,3.62,0,0.8,0,0,0,0,0,0,0,0,0,0,0,0,0,0,0,0,0,0,0,0,0,0,0,0.4,0,0,0,0,0,0,0.301,0,0,1.576,17,164
0.23,0.34,0.58,0,0.46,0.11,0.11,0.23,1.04,0.93,0,0.46,0,0.23,0.23,0,0.11,0,3.72,0.46,1.74,0,0,0.81,0,0,0,0,0,0,0,0,0,0,0,0,0,0,0,0,0,0,0,0,0,0,0.46,0,0,0.075,0,0.131,0.056,0.018,4.47,74,675
0,14.28,0,0,0,0,0,0,0,0,0,0,0,0,0,0,0,0,0,0,0,0,0,0,0,0,0,0,0,0,0,0,0,0,0,0,0,0,0,0,0,0,0,0,0,0,0,0,0,0,0,0,0,0,1.8,5,9
0,0.19,0,0,0,0,0,0,0,0,0,0.19,0,0,0,0,0,0,0,0,0,0,0,0,0.19,0,0,0,0,0,0,0,2.86,0,0,0.38,0.19,0,0,0,0,0,0,0,0,0,0.19,0.19,0,0.201,0,0,0,0,2.217,9,204
0,0,0,0,0,0,0,0,0,0,0,0,1.47,0,0,0,0,0,2.94,0,2.94,0,0,0,0,0,0,0,0,0,0,0,0,0,0,0,0,0,0,0,0,0,0,0,0,1.47,0,0,0,0,0,0,0,0,4.312,47,69
0,0.55,0.55,0,0.55,0.55,0,0.27,1.94,1.67,0,1.39,0.83,0,0.83,0.27,0,1.94,2.5,0,2.22,0,0.55,0.55,0,0,0,0,0,0,0,0,0,0,0,0,0,0,0,0,0,0,0,0,0,0,0,0,0,0,0,0.273,0.364,0.045,6.641,48,352
0.1,0.1,0.03,0,0.07,0.03,0,0.03,0,0.1,0,0.53,0,0,0,0.17,0.03,0,0.81,0.03,1.35,0,0.1,0.17,0,0,0,0,0,0,0,0,0,0,0,0,0,0,0,0,0,0.03,0,0,0,0,0.03,0,0,0.071,0,0.006,0.065,0,2.106,46,3214
0,0,0.76,0,0.76,0,0.5,0.5,0,1.01,0,0.25,1.52,0,0.76,0,0,1.52,2.03,0,1.52,0,0.76,0,0,0,0,0,0,0,0,0,0,0,0,0,0,0,0,0.5,0,0,0,0,0,0,0,0,0,0.078,0,0.433,0.433,0,2.441,19,249
0,0,3,0,0,0,0,0,0,0,0,0,0,0,0,0,0,0,2,0,1,0,0,0,0,0,0,0,0,0,0,0,0,0,0,0,0,0,0,0,0,0,0,0,0,1,0,0,0,0,0,0,0,0,1.428,3,20
0.25,0.25,0,0,0.75,0,0,0,0.25,0.75,0,1.51,0,1.26,0,0,0.5,0,3.29,0,1.01,0,0,0,0,0,0,0,0,0,0,0,0.25,0,0,0,0,0,0,0,0,0,0,0,0,0,0,0,0,0.082,0,0.041,0.124,0.124,3.181,32,210
0,0,0,0,0.45,0.45,0.45,0,0,0,0,0.45,0,0,0,0,0,0,0.9,0,0,9.04,0,0,0,0,0,0,0,0,0,0,0,0,0,0,0,0,0,0,0,0,0,0,0,0,0,0,0,0,0,0.072,0,1.083,7.857,45,440
0,0,0,0,0,0,0,1.12,0,0,0,0,0,0,0,0,0,0,0,0,0,0,1.12,0,0,0,0,0,0,0,0,0,0,0,0,0,0,0,0,0,0,0,0,0,1.12,0,0,0,0,0.204,0,0.408,0.408,0,4.1,25,82
0,0,0,0,3.84,0,0,0,0,0,0,0,0,0,0,0,0,0,3.84,0,0,0,0,0,0,0,0,0,0,0,0,0,0,0,0,0,0,0,0,0,0,0,0,0,0,0,0,0,0,0,0,0,0,0,1,1,7
0,0.26,0.26,0,0.39,0,0.13,0,0,0.26,0,0.26,0.26,0,0.13,0.26,0,0.13,3.14,0.26,1.44,7.33,0.13,0.26,0,0,0,0,0,0,0,0,0,0,0,0,0,0,0,0,0,0,0,0,0.13,0,0,0,0,0,0,0.022,0.022,0.889,12.454,107,1096
0,0,0.34,0,0.34,0,0,0,0,0,0,1.37,1.37,0,0,0,0,0.34,2.74,0,1.03,0,0,0,0,0,0,0,0,0,0,0,0,0,0,0,0,0,0,0,0,0,0,0,0,0.34,0,0,0,0.232,0,0.406,0,0,1.425,6,77
0.8,0,0.8,0,1.61,0,0,0,0,0,0,0,0,0,0,0.8,0.8,0,1.61,0,2.41,0,0.8,0,0,0,0,0,0,0,0,0,0,0,0,0,0,0,0,0,0,0,0,0,0,0,0,0,0,0,0,1.562,0.36,0,2.638,22,124
0,0,0.62,0,0,0,0,0,0,0,0,0.62,0,0,0,0,0,0.62,1.25,0,0,0,0,0,1.25,0.62,0,0.62,0,0.62,0.62,0,0.62,0,0.62,0.62,0,0,0,0,0,0,0,0,0.62,0,0,0,0,0.084,0,0.169,0,0,1.863,10,82
0.52,1.31,0.26,0,2.9,0.26,0.79,0.26,0,0.79,1.05,1.58,0.79,0,0,0,0,1.31,3.16,0,0.79,0,0,0,0,0,0,0,0,0,0,0,0,0,0,0,0,0,0,0,0,0,0,0,0,0,0,0,0,0.138,0,0.046,0,0,2.934,60,135
0.59,0.44,0.29,0,0.14,0.03,0.03,0.14,0.56,0.67,0.29,0.67,0.59,1.23,0.03,0.22,0.44,0.07,3.43,0,1.53,0,0.59,0.63,0,0,0,0,0,0,0,0,0,0,0.03,0,0,0,0,0,0,0,0,0,0.07,0,0,0,0,0.075,0,0.612,0.531,0.137,7.3,763,2453
0,0.11,0,0,0.11,0.22,0,0.11,0,0,0,1.32,0,0,0,0,0,0,0.22,0,0,0,0,0,0.99,0,0,0,0,0.22,0,0,0.11,0,0.11,0.44,0,0,0,0,0,0,0,0.11,0,0,0,0,0,0.047,0,0,0.031,0,1.614,12,339
0.09,0.49,0.59,0,0.39,0.19,0,0,0.09,0.39,0,1.58,0.19,0,0,0,0.09,0,3.75,0,1.08,0,0,0.19,0,0,0,0,0,0,0,0,0,0,0,0,0,0,0,0,0,0,0,0,0,0,0,0,0.778,0.037,0,5.213,0.979,0,5.781,54,740
0,0,0,0,0,0,0,0,0,0,0,0,0,0,0,0,0,0,0,0,0,0,0,0,0,0,0,0,0,0,0,0,0,0,0,0,0,0,0,0,0,0,0,0,0,0,0,0,0,0,0,0,0,0,1.166,3,14
0,0,0,0,0,0.32,0,0.64,0,0,0,1.6,0,0.32,0,0,0,0.32,0.32,0,0,0,0,0,0.32,0.32,0,0.32,0,0,0,0,0,0,0,0,0,0,0,0,0,0,0,0,0,0,0,0,0,0.08,0,0,0,0,4.295,87,262
0,0.24,1.45,0,0.36,0.6,0.6,0,0.6,1.45,0.12,0.85,0.48,0,1.94,0.12,0,0,1.33,0.12,0.6,0,0.48,0.12,0,0,0,0,0,0,0,0,0,0,0,0,0,0,0,0,0,0,0.24,0,0,0.12,0,0,0,0.117,0,0.234,0.234,0,4.493,39,746
0,0,0,0,0,1.12,0,0,0,0,0,0,0,0,0,0,0,0,2.24,0,0,0,0,0,0,0,0,0,0,0,0,0,0,0,0,0,0,0,0,0,0,0,0,0,0,0,0,0,0,0.392,0,3.333,0,0,2.551,12,74
0,0,0,0,0,0,0,0,0,0,0,0,0,0,0,0,0,0,0,0,0,0,0,0,0,0,0,0,0,0,0,0,0,0,0,0,0,0,0,0,1.44,0,1.44,0,2.89,1.44,0,0,0,0,0.227,0,0,0,1.64,12,41
0,0,0,0,0,0,0,0,0,0,0,0,0,0,0,0,0,0,2.4,0,0,0,0,0,0,0,0,0,0,0,0,0,0,0,0,0,0,0,0,0,0,0,0,0,1.2,0,0,0,0,0,0,0,0,0,1.59,5,35
0,0,0,0,0.32,0,0,0,0,0,0,0.32,0,0,0,0,0,0.32,0.64,0,0.32,0,0,0,1.28,1.28,0.64,0.32,0.32,0.32,0.32,0.32,0.64,0.32,0.32,0.32,0.96,0,0.32,0.32,0,0,0.64,0.32,0.32,0.64,0,0,0,0.094,0.047,0.094,0,0,1.919,13,167
0.23,0.59,0.23,0,0.23,0.11,0,0,0.82,1.18,0.11,2,0.23,0,0,0,0.11,0,4.84,4.96,1.77,0,0,0.23,0,0,0,0,0,0,0,0,0,0,0,0,0,0,0,0,0,0,0,0,0.11,0,0,0,0,0.186,0,0.13,0.168,0.018,5.76,175,795
0,0,1.96,0,0,0,0,0,0,0,0,0,0,0,0,0,0,1.96,0,0,0,0,0,0,3.92,1.96,0,3.92,0,1.96,0,0,0,0,0,0,0,0,0,0,0,0,0,0,0,0,0,0,0,0.475,0,0,0,0,2.95,11,59
0,0,0,0,0,0,0,0,0,0,0,0,0,0,0,0,0,0,0,0,0,0,0,0,5.55,2.77,2.77,2.77,0,2.77,0,0,0,0,0,0,0,0,0,0,0,0,0,0,0,0,0,0,0,0,0,0,0,0,1.857,11,26
0,0,1.17,0,0,0,0,0,0,0,0,0,0,0,0,0,0,0,0,0,0,0,0,0,4.7,2.35,0,0,0,0,0,0,0,0,0,0,1.17,0,0,0,0,0,1.17,0,0,0,0,0,0,0,0.193,0,0,0,1.974,16,77
0,0,0,0,0,0,0,0,0,0,0,4.58,0,0,0,0,0.91,0,0,0,0.91,0,0,0,1.83,0,0,0,0,0.91,0,0,0,0,0,0.91,0,0,0.91,0,0,0,0,0,0,0,0,0,0,0.124,0,0.249,0,0,2.576,14,67
0.64,0,0.64,0,1.29,0,0.64,0,0,0,0,0.64,0,0,0,0.64,0.64,0,1.29,0,3.22,0,0.64,0,0,0,0,0,0,0,0,0,0,0,0,0,0,0,0,0,0,0,0,0,0,0,0,0,0,0.104,0,0.522,0.313,0,2.511,22,113
0.39,0,0.19,0,0,0,0,0,0,0.19,0.19,1.98,0,0.19,0,0,0,0.19,0.19,0,0.19,0,0,0,1.58,1.19,0,0.19,0,0.39,0.19,0,0.59,0,0.39,0.39,1.19,0,0.19,0,0,0.19,0.19,0,0,0,0,0.39,0.28,0.14,0.028,0.112,0,0,2.101,17,311
0,0,0,0,0,0,0,0,0,0,0,3.7,0,0,0,0,0,0,0,0,0,0,0,0,0,0,0,0,0,0,0,0,0,0,0,0,0,0,0,0,0,0,0,0,0,0,0,0,0,0,0,0.74,0,0,1.5,4,18
0,0.64,0.64,0,1.29,0.64,0,0.64,0,0.64,0,1.94,0,0.64,0,3.89,0,0.64,3.24,0,3.89,0,0,0,0,0,0,0,0,0,0,0,0,0,0,0,0,0,0,0,0,0,0,0,0,0,0,0,0,0,0,0.728,0.08,0.08,6.612,129,205
0,0,0,0,0,0,0,0,0,0,0,0,0,0,0,0,0,0,2.17,0,0,0,0,0,0,0,0,0,0,0,0,0,0,0,0,0,0,0,0,0,0,0,0,0,0,2.17,0,0,0,0,0,0.704,0,0,1,1,10
0,0,0,0,0,0,0,0.82,0,0,0,0.82,0,0,0,0,0,0,0,0,0,0,0,0,0,0,0,0,0.41,0,0,0,0,0,0,0,0.41,0,0,0,0,0,0,0,0.41,0,0,0.41,0,0,0,0,0,0,1.394,12,53
0,0.54,0,0,0,0,1.08,0,0,0.54,0.54,0.54,0,0,0,2.17,0,0.54,3.26,0,1.08,0,0,0,0,0,0,0,0,0,0,0,0,0,0,0,0,0,0,0,0,0,0,0,0.54,0,0,0,0,0,0,0.347,0,0,1.325,5,53
0,0,0,0,0,0,0,0,0,0,0,0,1.29,0,0,0,0,0,0,0,0,0,0,0,0,0,0,0,0,0,0,0,0,0,0,0,0,0,0,0,0,0,0,0,1.29,0,0,0,0.246,0,0,0,0.246,0,1.363,4,30
0,0,0,0,0,0,0,0,0,0.38,0,0,0,0,0,0.19,0,0.19,0,0,0,0,0,0.38,0,0,0,0,0,0,0,0,0,0,0,0,0.58,0,0,0,0,0,0,0,0,22.05,0,0,0.135,0.339,0.067,0,0,0,4.13,81,285
0.76,0.38,0,0,0.38,0.38,0,0,0,0.38,0,1.53,0,0,0,0,0,0,1.92,0,3.07,0.38,0,0,0,0,0,0,0,0,0,0,0,0,0,0,0,0,0,0,0,0,0,0,0,0,0,0,0,0.124,0,0.124,0,0.062,89.9,735,899
0,0,0,0,0,0,0,0,0,0,0,0,0,0,0,0,0,0,0,0,0,0,0,0,0,0,0,0,0,0,0,0,0,0,0,0,0,0,0,0,0,0,0,0,1.47,1.47,0,0,0,1.066,0,0.213,0,0,1.333,3,36
2.43,0,0,0,0,0,0,0,0,0,0,0,0,0,0,0,0,0,0,0,0,0,0,0,0,0,0,0,0,0,0,0,0,0,0,0,0,0,0,0,0,0,0,0,0,0,0,0,0,0,0,0,0,0,3.666,13,44
0,0,1.4,0,0,0,0,0,0,0,0,0,0,0,0,1.4,0,0,0,0,0,0,0,0,0,0,0,0,0,0,0,0,0,0,0,0,0,0,0,0,0,0,0,0,0,0,0,0,0,0,0,1.647,0,0,1,1,13
0,0,0,0,1.89,0.27,0,0,0,0,0,0.81,0,0,0,0.27,0,0,3.51,0,2.7,0,0,0.27,0,0,0,0,0,0,0,0,0,0,0,0,0,0,0,0,0,0,0,0,0,0,0,0,0,0.045,0,0,0.091,0,1.39,11,89
0,0,0,0,0,0,0,1.25,0,0.41,0,0,0,0,0,0.41,0,1.67,0.41,0,0.41,0,0,0,0,0,0,0,0,0,0,0,0,0,0,0.41,0,0,0,0,0,0,0,0,0,0,0,0,0,0.125,0,0.312,0.062,0,1.477,8,65
0,0,0.38,0,0.38,0,0,0,0,0,0,0.38,0.38,0,0,0,0,0,1.14,0,0.38,0,0,0,0,0,0,0,0,0,0,0,0,0,0,0,0,0,0,0,0,0,0,0,0.38,0,0,0,0,0.414,0,0.276,0,0,1.104,2,53
0,0,0.1,0,0.2,0.1,0,0,0,0,0,2.04,0.2,0.1,0,0,0.81,0,0,0,0,0,0.2,0,2.75,0,0,0,0,0,0,0,0,0,0,0.3,0.3,0,0,0,0,0,0,0,0,0,0,0,0.03,0.091,0,0,0,0,2.161,27,575
0,0,0,0,0,0,0,0,0,0,0,1.86,0,0,0,0,0,0,1.86,0,0.93,0,0,0,0,0,0,0,0,0,0,0,0,0,0,0,0,0,0,0,0,0,0,0,0.93,0,0,0,0,0,0,0.165,0,0,1.238,4,26
0,0,0,0,0,0,0,0,0,0,0,0,0,0,0,0,0,0,0,0,0,0,0,0,0,4.76,0,0,0,0,0,0,0,0,0,0,0,0,0,0,0,0,0,0,0,0,0,0,0,0,0,0,0,0,1.75,4,14
0,0,0,0,0,0,0,0,0,0,0,3.57,0,0,0,0,0,0,0,0,0,0,0,0,0,0,0,0,0,0,0,0,0,0,0,0,0,0,0,0,0,0,0,0,0,0,0,0,0,0.438,0,0,0,0,1,1,9
1.63,0,0,0,0,0,0,0,0,0,0,0,0,0,0,0,0,0,0,0,0,0,0,0,0,0,0,0,0,0,0,0,0,0,0,0,0,0,0,0,0,3.27,0,0,1.63,0,0,0,0,0.571,0,0,0,0,1.181,3,13
0.05,0,0.05,0,0,0,0,0,0.53,0,0,0.23,0,0,0,0,0,0.05,0.23,0,0.17,0,0,0,0.65,0.71,0.05,0,0,0,0,0,0.53,0,0,0,0.71,0,0,0,0,0,0,0,0,0,0,0,0.115,0.173,0.041,0,0.016,0,2.853,47,896
0,0.29,0,0,0,0.29,0.29,2.04,0,0,0.29,1.16,0.29,0,0.29,1.16,2.33,1.16,2.33,0,1.16,0,0,0,0,0,0,0,0,0,0,0,0,0,0,0,0,0,0,0,0,0,0,0,0,0,0,0,0,0.132,0,0.044,0,0,1.559,24,145
0,0,0.89,0,1.79,0.44,0,0,0,0,0,0.44,0,0,0,1.34,0,0,2.24,0,4.48,0,0,0,0,0,0,0,0,0,0,0,0,0,0,0,0,0,0,0,0,0,0,0,0,0,0,0,0,0.074,0,0,0,0,2.25,12,144
0,0,0,0,0.66,0,0,0,0,0,0,0.66,0,0,0,0,0.66,0,3.33,0,0,0,0,0,0.66,0,0,0,0,0,0,0,0,0,0,0,0,0,0,0,0,0,0,0.66,0,0,0,0,0,0.254,0,0,0,0,1.458,7,35
0.22,0,0,0,0,0.22,0.22,0,0,0.22,0,0.22,0,0,0,0.22,0,0,2.03,0,0.22,0,0,0,0,0,0,0,0,0,0,0,0,0,0,0,0,0,0,0,0,0,0,0,0,0,0,0,0,4.271,0,0.647,0,0,1.869,21,215
0,0,0,0,0,0,0,0,0,0,0,0,0,0,0,0,0,0,5.88,0,5.88,0,0,0,0,0,0,0,0,0,0,0,0,0,0,0,0,0,0,0,0,0,0,0,0,0,0,0,0,0,0,0,0,0,1.5,4,9
0,0,0,0,0,0,0,0,0,0,0,0,1.44,0,0,1.44,0,0,5.79,0,1.44,0,1.44,0,0,0,0,0,0,0,0,0,0,0,0,0,0,0,0,0,0,0,0,0,0,0,0,0,0,0,0,0.543,0.271,0,2.157,11,41
0,0,0.65,0,0,0,0,0,0,0,0,0,0.65,0,0,0,0,0,4.6,0,0.65,0,0,0,0,0,0,0,0,0,0,0,0,0,0,0,0,0,0,0,0,0,0,0,1.97,0.65,0,0,0,0,0,0.125,0,0,1.25,5,40
0,0,0,0,0,0,0,0,0,0,0,0,0,0,0,0,0,0,0,0,0,0,0,0,0,0,0,0,0,0,0,0,0,0,0,0,0,0,0,0,5,0,0,0,0,0,0,0,0,0,0,0,0,0,4.4,16,22
0,0.44,0.44,0,0.44,0,0.22,0,0,2.43,1.1,0.44,0,0,0,0,0,1.55,2.88,0,2.21,0,0,0,0,0,0.22,0,0,0,0,0,0,0,0,0,0,0,0,0.22,0,0,0,0,0,0,0,0,0,0.036,0,0.073,0.146,0.036,2.574,22,224
0.19,0.19,0,0,1.55,0.19,0.77,0,0.19,0.19,0,0.77,0.58,0,0,0.19,0.58,2.33,0.77,0,0.38,0,0.19,0,0,0,0,0,0,0,0,0,0,0,0,0,0,0,0.19,0,0,0,0,0,0,0,0,0,0.03,0.061,0.03,0.185,0.216,0,1.948,11,113
0,0,0,0,0.54,0,0,0,0,1.63,0.54,0.54,0.54,0,0,0,0,0,2.18,0,1.09,0,0,0,1.09,0.54,0,0,0,0,0,0,0,0,0.54,0,0,0,0,0,0,0,0,0,0,0,0,0,0,0.09,0.09,0,0,0,1.969,16,65
0,0,0,0,0,1.12,0,2.24,0,0,1.12,1.12,0,0,0,0,0,0,4.49,0,0,0,1.12,0,0,0,0,0,0,0,0,0,0,0,0,0,0,0,0,0,0,0,0,0,0,0,0,0,0,0,0,0.814,0,0,2.6,15,39
0,0.64,0.64,0,0.32,0,0,0,0,0,0,0.64,0,0,0,0.32,0,1.29,1.62,0,0.97,0,0,0,0,0,0,0,0,0,0,0,0,0,0,0,0,0,0,0,0,0,0,0,0,0,0,0,0,0.053,0,1.065,0,0,3.932,61,291
0,0,0,0,1.31,0,1.31,1.31,1.31,1.31,0,0,0,0,0,0,1.31,0,1.31,1.31,3.94,0,0,0,0,0,0,0,0,0,0,0,0,0,0,0,0,0,0,0,0,0,0,0,0,0,0,0,0,0,0,0.117,0.117,0,48.5,186,291
0,0,0,0,0,0,0,0,0,0,0,0.59,0,0,0,0.59,0,0,1.18,0,0,0,0,0,0,0,0,0,0,0,0,0,0,0,0,0,0,0,0,0,0,0,0,0,0,0,0,0,0,0.177,0,0.443,0.088,0,1.693,16,83
0,0,0,0,0,0,0,0,0,0,0,0,0,0,0,0,0,0,0,0,0,0,0,0,0,0,0,0,0,0,0,0,0,0,0,0,0,0,0,0,0,0,0,0,0,0,0,0,0,0,0,3.225,0,0,1,1,4
0.47,0,0.95,0,0.95,0,0.95,0,0,0,0,0.47,0,0,0,0.47,0.47,0,4.28,0,0.95,0,1.42,0,0,0,0,0,0,0,0,0,0,0,0,0,0,0,0,0,0,0,0,0,0.47,0,0,0,0,0.076,0,1.306,0.23,0,6.027,91,217
0.18,0,0.18,0,1.59,0.36,0,0.06,0.06,0.06,0.06,0.55,0.3,0.06,0,0,0.73,0,4.4,0.24,1.1,0,0.85,0.06,0,0,0,0,0,0,0,0,0,0,0,0,0,0,0,0,0,0,0.06,0,0,0,0,0,0.01,0.052,0,0.01,0.169,0,1.775,12,451
0,0,0,0,0,0,0,0,0,0,0,0,0,0,0,0,0,0,0,0,0,0,0,0,15.38,7.69,0,0,0,0,0,0,0,0,0,0,0,0,0,0,0,0,0,0,0,0,0,0,0,0,0,0,0,0,6.8,17,34
0,0,0,0,1.56,0,0,0,0,0.31,0,0.31,0,0,0,0.31,0.62,0,2.82,0,0.62,0,0,0,0,0,0,0,0,0,0,0,0,0,0,0,0,0,0,0,0,0,0,0,0.94,0,0,0,0,0.05,0,0,0,0,2.132,22,113
0,14.28,0,0,0,0,0,0,0,0,0,0,0,0,0,0,0,0,0,0,0,0,0,0,0,0,0,0,0,0,0,0,0,0,0,0,0,0,0,0,0,0,0,0,0,0,0,0,0,0,0,0,0,0,1.8,5,9
0,0,1.16,0,3.48,0,0,0.58,0.58,0,0,0.58,0,0,0,1.74,0,0,1.16,0,3.48,0,0,0.58,0,0,0,0,0,0,0,0,0,0,0,0,0,0,0,0,0,0,0,0,0,0,0,0,0,0.085,0,0.171,0.085,0,2.17,12,102
0.12,0,0.12,0,0,0,0,0,1.12,0,0,0.37,0,0,0,0,0,0,0.49,0,0.24,0,0,0,0.62,0.74,0.12,0,0,0,0,0,0.37,0,0,0,0.12,0,0,0,0,0,0,0,0,0,0,0,0.12,0.189,0.034,0,0.034,0,3.302,41,535
0,0,0,0,0,0,0,0,0,0,0,0,0,0,0,0,0,0,0,0,0,0,0,0,0,0,0,0,0,0,0,0,0,0,0,0,0,0,0,0,0,0,0,0,0,0,0,0,0,0,0,0,0,0,1.166,2,7
0,0.09,0.14,0,1.04,0.09,0.09,0,0.79,0,0.04,0.29,0.19,0,0,0,0.14,0.04,1.53,0.24,1.23,0,0.29,0.04,0,0,0,0,0,0,0,0,0,0,0,0,0,0,0,0,0,0,0.04,0,0.04,0,0,0,0.015,0.119,0.007,0.431,0.111,0,3.37,87,1645
0.46,0.3,0.46,0,0.05,0.12,0.05,0.28,0.43,0.74,0.25,0.97,0.56,1.23,0,0.25,0.43,0.02,3.22,0,1.46,0,1.05,0.36,0,0,0,0,0,0,0,0,0,0,0,0,0,0,0,0,0,0,0,0,0.02,0,0,0,0,0.065,0,0.325,0.756,0.153,5.891,193,3040
1.12,0,0,0,0,1.12,0,0,0,0,0,0,0,0,0,0,0,0,0,0,0,0,0,0,0,0,1.12,0,0,0,0,0,0,0,0,0,0,0,0,0,0,0,0,0,1.12,0,0,0,0,0,0,0.204,0,0,1.214,3,34
0,0,0.27,0,0.54,0,0.27,0,0,0.27,0,0.54,0,0,0,1.35,0,0,1.08,0,2.44,10.86,0,0.54,0,0,0,0,0,0,0,0,0,0,0,0,0,0,0,0,0,0,0,0,0,0,0,0,0,0,0,0.329,0.141,1.41,44.72,252,1118
0,0,0,0,0,0,0,0,0,0,0,0,0,0,0,0.58,0,0,0,0,0,0,0,0,0,0,1.46,0.29,0,0.58,0,0,0,0,0,0,0.58,0,0,0,0,0,0,0,0,0,0,0,0,0.018,0,0,0,0,251,1488,1506
0,0,0,0,0,0,0,0,0,0,0,0,0,0,0,0,0,0,0,0,0,0,0,0,0,0,0,0,10,0,0,0,0,0,0,0,0,0,0,0,0,5,0,0,0,0,0,0,0,0,0,0,0,0,1.428,3,10
0,0,0,0,0,0,0,0,0,0,0,0,0,0,0,0,0,0,8.33,0,0,0,0,0,0,0,0,0,0,0,0,0,0,0,0,0,0,0,0,0,0,0,0,0,16.66,0,0,0,0,0,0,0.925,0,0,1.833,6,11
0,0,0,0,0,0,0,0,0,0,0,1.75,0,0,0,0,0,0,0,0,0,0,0,0,0,0,0,0,0.87,0,0,0,0,0,0,0,0,0,1.75,0,0,0,0,0,0,0,0,0.87,0,0,0,0,0,0,1.795,11,79
0,0,0,0,0.52,0,0,0,0,0,0,0,0,0.52,0,0.52,0,0,0,0,0,0,0,0,0,0,0,0,0,0,0,0,0.52,0,0,0,0,0,0,0,0,0,0.52,0,0,1.56,0,0,0,0.077,0,0.077,0,0,1.388,11,75
0,0.6,0,0,0,0.6,0,0,0,0.3,0,1.21,0,0,0,0,0.3,0,0.3,0,0.3,0,0.6,0,0,0,0,0,0,0,0,0,0,0,0,0,0,0,0,0,0,0,0,0,0,0,0,0,0,0.146,0,0,0.097,0,3.23,77,210
0,0.8,0,0,0.8,0,0.8,0,0,0.8,0,0,0,0,0,0.8,0.8,0.8,1.6,0,1.6,0,0,0,0,0,0,0,0,0,0,0,0,0,0,0,0,0,0,0,0,0,0,0,0,0,0,0,0,0.135,0,0.27,0,0,3.115,19,81
0,0.66,0.66,0,0.49,0,0.16,0.16,0,0,0,0.33,0.66,0.49,0.66,0,0,0,2.47,0.49,1.48,0,0,0.16,0,0,0,0,0,0,0,0,0.33,0,0,0,0,0,0,0,0,0,0,0,0.16,0,0,0,0,0,0,0.076,0.101,0.05,2.03,32,264
0,0,0.76,0,0.15,0,0,0,0,0.15,0,1.07,0,0,0,0,0,0,1.99,0,0.46,0,0,0,0.92,0.15,0,0.3,0,0,0,0,0,0,0,0,0.15,0,0,0,0,0,0,0,0,0,0,0,0,0.264,0,0,0,0.026,2.891,28,347
0,0,0.55,0,0.55,0,0,0,0,0.55,0,0,0,0,0,0.55,0,0,1.67,0,0.55,0,0,0,0,0,0,0,0,0,0,0,0,0,0,0,0,0,0,0,0,0,0,0,0.55,0,0,0,0,0.099,0,0.893,0,0,2.122,16,121
1.04,0,0.69,0,1.04,0,0.69,0,0,0.69,0,0.69,0,0,0.34,0.69,0,0,5.9,0,1.38,0,0.34,0.34,0,0,0,0,0,0,0,0,0,0,0,0,0,0,0,0,0,0,0,0,0.34,0,0,0,0,0,0,0.379,0.063,0,2.042,12,96
0,0,0.09,0,0.09,0,0,0.55,0,0.09,0,0.73,0.09,0,0,0,0.55,0,0.09,0,0,0,0.36,0.09,3.48,0,0,0,0,0,0.09,0,0,0,0,0.09,0.09,0,0,0,0,0,0,0.55,0,0,0,0,0.012,0.1,0,0,0.1,0,2.188,22,510
0,0,1.31,0,0,0,0,0,0,0,0,2.63,0,0,0,0,0,0,5.26,0,1.31,0,0,0,1.31,0,0,0,0,1.31,0,0,0,0,0,0,0,0,0,0,0,1.31,0,0,0,0,0,0,0,0.242,0,0,0,0,1.266,3,19
0.9,0,0,0,0,0,0.9,0,0,0,0,0,0,0,0,0,0.9,0.9,1.81,0,2.72,0,0,0.9,0,0,0,0,0,0,0,0,0,0,0,0,0,0,0,0,0,0,0,0,0,0,0,0,0,0,0,0.564,0,0,2.818,19,62
0,0,0.06,0,0,0,0,0.06,0.13,0.13,0.13,1.67,0.26,0.33,0,0.13,0.13,0,0,0.06,0.06,0,0,0,2.54,0.13,0,0,0.2,0.26,0.13,0,0,0,0.06,0.2,0.13,0.06,0,0.06,0,0,0,0,0,0,0,0,0.028,0.131,0,0,0,0,1.997,20,787
0.09,0.49,0.59,0,0.29,0.19,0,0,0.09,0.39,0,1.59,0.19,0,0,0,0.09,0,3.67,0.09,1.09,0,0,0.09,0,0,0,0,0,0,0,0,0,0,0,0,0,0,0,0,0,0,0,0,0.09,0,0,0,0.766,0.037,0,5.836,1.31,0,5.792,54,753
0,0,0,0,0,0,0,0,0,0,0,0,0,2.32,0,0,1.16,0,1.16,0,0,0,0,0,0,0,0,2.32,0,0,0,0,0,0,0,0,0,0,0,0,0,0,0,1.16,0,1.16,0,0,0,0.381,0,0,0,0.19,2.652,28,61
0,0,1.35,0,0.67,0,0,0,0,0.67,0,0,0,0,0,0,0,0.67,0.67,0,0,0,0,0,0,0,0,0,0,0,0,0,0,0,0,0,0,0,0,0,0,0,0,0,0.67,0,0,0,0,0,0,0.802,0.114,0,2.527,20,139
0,0,0.16,0,0.83,0,0.16,0,0.16,0,0,0.66,0,0.66,0,0,0.16,0,0,0,0.16,0,0,0,3,0.83,0.33,0.5,0.16,0.16,0.5,0.16,0,0.16,0.5,0.16,0.5,0,0.16,0.16,0,0.66,0.33,0.16,0,0,0,0,0,0.162,0.04,0.02,0,0.02,2.604,28,758
0,0,0.27,0,0.27,0.27,0.27,0.27,0,0,0.54,0.82,0,0,0,0.82,0.54,1.09,2.46,2.46,2.73,0,0,0.54,0,0,0,0,0,0,0,0,0,0,0,0,0,0,0,0,0,0,0,0,0,0,0,0,0,0.043,0,0.13,0,0.086,4.6,139,276
0,2.08,0,0,3.12,0,1.04,0,0,0,0,2.08,0,0,0,0,0,4.16,2.08,0,1.04,0,0,0,0,0,0,0,0,0,0,0,0,0,0,0,0,0,0,0,0,0,0,0,0,0,0,0,0,0,0,0.263,0,0,1.428,4,20
0,14.28,0,0,0,0,0,0,0,0,0,0,0,0,0,0,0,0,0,0,0,0,0,0,0,0,0,0,0,0,0,0,0,0,0,0,0,0,0,0,0,0,0,0,0,0,0,0,0,0,0,0,0,0,1.8,5,9
0,0,0,0,0,0,0,0,0,0,0,0,0,0,0,0,0,2.77,0,0,0,0,0,0,5.55,2.77,0,2.77,0,2.77,2.77,0,0,0,2.77,2.77,0,0,0,0,0,0,0,0,0,0,0,0,0,0.218,0,0.218,0,0,1.687,10,27
0,0,0,0,0,0,0,0,0,0,0,0,0,0,0,0,0,0,0,0,0,0,0,0,9.09,0,0,0,0,0,0,0,0,0,0,0,0,0,0,0,0,0,0,0,0,0,0,0,0,0,0,0,0,0,1.833,5,11
0,0,0.81,0,0.27,0,0,0,0,0.27,0,0.27,0.27,0,0,0,0,0,2.16,0,0.54,0,0,0,0,0,0,0,0,0,0,0,0,0,0,0,0,0,0,0,0,0,0,0,0.54,0.27,0,0,0.045,0.091,0,0.045,0,0,2.078,47,106
0,0,0,0,0,0,0,0,0,0,0,0,0,0,0,0,0,0,0,0,0,0,0,0,16.66,0,0,0,0,0,0,0,0,0,0,0,0,0,0,0,0,0,0,0,8.33,0,0,0,0,0,0,0,0,0,3.333,14,20
0,14.28,0,0,0,0,0,0,0,0,0,0,0,0,0,0,0,0,0,0,0,0,0,0,0,0,0,0,0,0,0,0,0,0,0,0,0,0,0,0,0,0,0,0,0,0,0,0,0,0,0,0,0,0,1.8,5,9
0,0.57,0,0,0.57,0,0.57,0,0,0.57,0,0.57,0,0,0,0,0,0.57,4.57,0,1.14,0,0,0,0.57,0.57,0,0,0,0,0,0,0,0,0,0,0,0,0,0,0,0,0,0,0.57,0,0,0,0.072,0,0,0.072,0.289,0.144,7.512,114,293
0,0,0,0,0,0,0,0,0,0,0,0,0,0,0,0,0,0,0,0,0,0,0,0,0,0,0,0,0,0,0,0,0,0,0,0,0,0,0,0,2,0,0,0,0,2,0,0,0,0.687,0,0,0,0,1.888,9,17
0,0,0,0,0,0,0,0,0,0,0,0,0,0,0,0,0,0,5.55,0,1.11,0,0,0,0,0,0,0,0,0,0,0,0,0,0,0,0,0,0,0,0,0,0,0,0,0,0,0,0,0,0,1.431,0,0,4.071,29,114
0,0,0.56,0,1.12,0,0,0,0,0,0,0,0.93,0,0.18,0,0.37,0.37,3.18,0,0.93,0,0,0,0,0,0,0,0,0,0,0,0,0,0,0,0,0,0,0,0,0,0,0,0,0,0,0,0,0.189,0,0.441,0,0,1.372,4,70
0.59,0,0.35,0,1.66,0,0,0,0.23,1.3,0.71,2.49,0.59,0,0,0.59,0.11,0,4.51,0,1.66,0,0.47,0.83,0,0,0,0,0,0,0,0,0,0,0.23,0,0,0,0,0.11,0,0,0,0,0.11,0,0,0,0,0.038,0,0.155,0.233,0.019,3.625,54,504
0,0,1.35,1.35,0,0,0,1.35,0,0,0,0,0,0,0,1.35,0,0,2.7,0,0,0,0,0,0,0,0,0,0,0,0,0,0,0,0,0,0,0,0,0,0,0,0,0,2.7,0,0,0,0,0,0,3.588,0,0,2.516,17,78
2,0,0,0,0,0,0,0,0,0,2,2,0,0,0,0,0,0,2,0,8,0,0,0,0,0,0,0,0,0,0,0,0,0,0,0,0,0,0,0,0,0,0,0,0,0,0,0,0,0,0,0,0,0,5.888,29,53
0.18,0.14,0.25,0,0,0,0,0.07,0,0.14,0.03,0.77,0.07,0.03,0,0,0.03,0.18,0.11,0,0.25,0.07,0,0,0,0,0,0,0.03,0.11,0,0,0.03,0,0,0.37,0.62,0,0,0,0.18,0,0.03,0,0,0.22,0,0.18,0.019,0.414,0,0.004,0,0,2.393,40,1795
0,0,0,0,1.58,0,0.39,1.19,0,0.39,0,0.79,0,0,0,0,1.58,0.39,3.96,0,1.98,0,0,0,0,0,0,0,0,0,0,0,0,0,0.79,0,0,0,0,0,0,0,0,0,0,0,0,0,0,0,0,0.705,0.211,0,1.903,13,118
0,0,0,0,2.17,0,0,0,0,0,0,0,0,4.34,0,0,0,0,2.17,0,0,0,0,0,0,0,0,0,0,0,0,0,0,0,0,0,0,0,0,0,0,0,0,0,0,0,0,0,0,0.367,0,0,0,0,1,1,8
0,0,0.8,0,0.8,1.61,0,0,0,0,0,0.8,1.61,0,0,0,0,0,4.03,0,0,0,0,0,0,0,0,0,0,0,0,0,0,0,0,0,0,0,0,0,0,0,0,0,0,0,0,0,0,0,0,0.875,0,0,6,48,138
0,1.42,0,0,0,0,0,0,0,1.42,0,0,0,0,0,0,0,0,4.28,0,0,0,0,0,0,0,0,0,0,0,0,0,0,0,0,0,0,0,0,0,0,0,0,0,1.42,1.42,0,0,0,0,0,0,0,0,3.555,21,96
0,0,1.2,0,0,0,0,0,0,0,0,2.4,0,0,0,0,0,0,2.4,0,4.81,0,0,0,0,0,0,0,0,0,0,0,0,0,0,0,0,0,0,0,0,0,0,0,0,0,0,0,0,0,0,0,0,0,4,16,72
0,0.06,0.2,0,0.61,0.13,0,0,0.75,0,0.27,0.75,0.27,0,0,0,0.2,0.13,1.16,0,1.23,0,0.06,0,0,0,0,0,0,0,0,0,0,0,0,0,0,0,0,0,0,0,0.06,0,0.06,0,0,0,0.034,0.057,0,0.472,0.092,0.023,2.086,104,703
0,0,0,0,0,0,0,0,0,0,0,0,0,0.87,0,0,0,0,0.87,0,0,0,0,0,0,0,0,0,0,0,0,0,0,0,0,0,0,0,0,0,0,0,0,0,0.87,0,0,0,0.327,0.327,0,0,0,0,1.3,3,26
0,0,0,0,0,0,0,0,0,11.11,0,0,0,0,0,0,0,0,5.55,0,0,0,0,0,0,0,0,0,0,0,0,0,0,0,0,0,0,0,0,0,0,0,0,0,0,0,0,0,0,0,0,0,0,0,1,1,2
0,0,0.53,0,0.53,0,0,0.53,0,0,0,1.06,0,0,2.12,0,0.53,0.53,2.65,0,2.65,0,1.59,0,0,0,0,0,0,0,0,0,0,0,0,0,0,0,0.53,0.53,0,0,0,0,0,0,0,0,0,0.191,0,0.095,0.478,0,5.038,60,131
0.97,0,0.97,0,0,0,0,0,0,0,0,0,0,0,0,0,0,0,2.91,0,0,0,0,0,0,0,0.97,0,0,0,0,0,0,0,0,0,0,0,0,0,0,0,0,0,0,0,0,0,0,0,0,0.166,0,0,2.185,11,59
0,0,0,0,0,0,0,0,0,0,0,0,0,0,0,0,0,0,0,0,0,0,0,0,0,0,0,0,0,0,0,0,0,0,0,0,0,0,0,0,0,0,0,0,0,0,0,0,0,0,0,0,0,0,1,1,5
0,0,0,0,0,0,0,0,0,0,0,0.85,0,0,0,0,0,0,0,0,0,0,0,0,0.42,0.42,0,0,0,0,0,0,0,0,0,1.28,0,0,0,0,0,0,0,0,0,0,0,0,0,0,0,0,0,0,1.536,8,106
0,1.23,0,0,0,0,0,0,0,1.23,0,0.61,2.46,0,0,0,0,0,3.08,0,1.23,0,0,0,0,0,0.61,0,0,0,0,0,0,0,0,0,0,0,0,0,0,0,0,0,0,0,0,0,0,0.224,0,0,0,0,1,1,20
0,0,0,0,0,0,0,0,0,0,0,0,0,0,0,0,0,0,5.55,0,0,0,0,0,0,0,2.77,0,0,0,0,0,0,0,0,0,0,0,0,0,0,0,0,0,0,0,0,0,0,0,0,0,0,0,1,1,7
0,0.26,0,0,0.26,0,0,0,0,1.88,0,0,0,0,0,0,0,0,0.26,0,0.26,0,0,0,0,0,0,0,0,0,0,0,0,0,0,0,0,0,0,0,0,0,0,0,0,0,0,0,0.407,0.067,0,0.033,0,0,5.009,55,506
0.12,0.19,0.7,0,0.44,0,0.06,0,0.57,0.5,0.25,0.95,0.06,0,0.19,0,0.06,0,3.82,0.19,2.48,0,0,0.19,0,0,0,0,0,0,0,0,0,0,0.06,0,0,0,0,0,0,0.06,0,0,0,0,0,0,0,0.102,0,0.133,0.041,0.143,3.29,74,1030
0,0,0,0,0,0,0,0,0,0,0,0.8,0,0,0,0,0,0,1.61,0,0,0,0,0,1.61,0.8,2.41,0.8,0.8,0.8,0.8,0.8,0,0.8,0.8,0.8,0.8,0,0,0.8,0,0,0.8,0,0.8,0,0,0,0.122,0.366,0,0,0,0,1.853,13,76
0,0,0.85,0,1.36,0,0,0,0,0.17,0,0.34,0.17,0,0,0,0,0,0.85,0,0,0,0,0,0,0,0,0,0,0,0,0,0,0,0,0,0,0,0,0,0,0,0,0,0,0,0,0,0.034,0,0,0,0,0,1.085,3,89
0,1.85,0,0,0,0,0,0,0,0,0,0,0,0,0,0,0,1.85,0,0,0,0,0,0,0,0,0,0,0,0,0,0,0,0,0,0,0,0,0,0,0,0,0,0,1.85,0,0,0,0,0,0,0,0,0,1.736,8,33
0.1,0,0.1,0,0.1,0.1,0,0.4,0,0,0.1,0.8,0,0,0,0,0,0.1,0.1,0,0,0,0,0,0.1,0,0,0.1,0,0,0,0,0.1,0,0,0,0.3,0,0.1,0,0,0.4,0.2,0.2,0,0.8,0,0,0.015,0.136,0.015,0,0.015,0,1.636,18,527
0.44,0,0,0,0.89,0,0,0,0,0.44,0,1.34,0,0,0,0.44,0,0,4.03,0,1.79,0,0,0.44,0,0,0,0,0,0,0,0,0,0,0,0,0,0,0,0,0,0,0,0,0.44,0,0,0,0,0,0,0.944,0.145,0.072,2.451,28,152
0,0,0,0,0,0.44,0,0,0,0,0,0,0,0,0,0.44,0,0.44,0.44,0,0.44,0,0,0,0,0,0,0,0,0,0,0,0,0,0,0,0.44,0,0,0,0,0,0,0,0.44,0.44,0,0,0,0.175,0.058,0,0,0.058,8.478,122,390
0.1,0.2,1.01,0,0.8,0.8,0.5,0,0.8,0.1,0.3,0.7,0.3,0,1.61,0.1,0,1.11,1.31,0.2,0.7,0,0.6,0.1,0,0,0,0,0,0,0,0,0,0,0,0,0,0,0,0,0,0,0.2,0,0.1,0.1,0,0,0,0.11,0,0.488,0.157,0.015,8.55,669,1351
0,0.48,0.48,0,1.46,0,0.48,0,0,0.97,0.48,0,0,0,0,0.48,0,0,0.97,0.48,1.95,0,0,0.48,0,0,0,0,0,0,0,0,0,0,0,0,1.46,0,0,0.48,0,0,0,0,0,0,0,0,0,0.073,0,0.589,0.294,0,4.85,47,194
0,0,0.57,0,0.85,0,0,0,0.28,0,0.57,0.28,0,0,0,0.85,0,0.57,1.42,0,0.85,0,0,0,0,0,0,0,0,0,0,0,0,0,0,0,0,0,0,0,0,0,0,0,0,0,0,0,0.08,0,0,0.282,0.242,0,2.46,26,278
0,0,0,0,0,0,0,0,0,2.56,0,0,0,0,1.28,0,0,0,0,0,0,0,0,0,3.84,3.84,0,0,0,0,0,0,2.56,0,0,0,1.28,0,0,0,0,0,1.28,0,0,0,0,0,0,0.194,0.194,0,0,0,3.631,17,69
0.1,0.05,0.1,0,0.31,0.1,0,0,0,0.05,0,0.31,0.05,0,0,0.1,0.1,0,0.84,0.05,0.63,0,0,0.05,1.47,0.36,0,0.05,0,0.21,0.1,0,0,0,0.1,0.15,0.21,0,0.36,0,0,0,0,0,0.1,0,0,0.15,0.007,0.168,0,0.038,0.061,0.007,1.704,25,939
0,0,1.25,0,0.62,0,0,0,0,0,0,1.25,0,0,0,1.88,0,0,4.4,0,0,0,0,1.25,0,0,0,0,0,0,0,0,0,0,0,0,0,0,0,0,0,0,0,0,0,0,0,0,0,0.327,0,0,0.109,0.109,1.705,9,58
0.1,0.2,1.01,0,0.8,0.8,0.5,0,0.8,0.1,0.3,0.7,0.3,0,1.61,0.1,0,1.11,1.31,0.2,0.7,0,0.6,0.1,0,0,0,0,0,0,0,0,0,0,0,0,0,0,0,0,0,0,0.2,0,0.1,0.1,0,0,0,0.11,0,0.49,0.158,0.015,8.55,669,1351
0,0,0,0,0,0,0,0,0,0,0,0,0,0,0,0,0,0,0,0,0,0,0,0,0,0,0,0,0,0,0,0,3.7,0,0,0,0,0,0,0,0,0,0,0,0,0,0,0,0,0,0,0,0,0,1.666,5,20
0,0,0,0,0,1.27,0,0.63,0,0,0,0,0,0,0,0,0,0,3.82,0,0.63,0,0,0,0,0,0,0,0,0,0,0,0,0,0,0,0,0,0,0,0,0,0,0,0,0,0,0,0,0,0,1.096,0.109,0,1.916,12,69
0,0,0,0,0,0,0,0,0,0,0,1.31,0,0,0,0,0,0,1.31,0,0,0,0,0,0,2.63,0,0,0,0,0,0,0,0,0,0,1.31,0,0,0,0,0,0,0,0,0,0,0,0,0.431,0,0,0,0,2.176,8,37
0,0,0,0,0,0,0,0,0,0,0,0,0,0,0,0,0,0,1.45,0,0,0,0,0,0.72,6.56,0,0,0,0,0,0,0,0,0,0.72,0,0,0,0,0,0,0,0,0,0,0,0,0,0,0,0.124,0,0,2.361,30,85
0.07,0,0.07,0,0,0.07,0,0,0,0,0.14,1.04,0.14,0.07,0,0,0.52,0,0,0,0,0,0.22,0,2.23,0.07,0,0,0,0,0,0,0,0,0,0.22,0.14,0,0.07,0,0,0,0.07,0,0,0,0,0,0.111,0.151,0.01,0,0.02,0,2.25,24,720
0.25,0,0,0,0.25,0.25,0,0,0,0,0,0.51,0,0.25,0,0,0,0.25,0.51,0,0.25,0,0,0,0,0.25,0,0,0,0,0,0,0.25,0,0,0,0,0,0,0,0.25,0,0,0,0,0.25,0,0.25,0,0.082,0,0,0,0.041,1.287,4,85
0,0,0,0,1.56,0,1.56,0,0,0,0,0,0,0,0,0,0,0,1.56,0,0,0,0,0,0,0,0,0,0,0,0,0,0,0,0,0,0,0,0,0,0,0,0,0,0,0,0,0,0,0,0,0.767,0.255,0,8.083,81,97
0,0,0,0,0.69,0,0,0,0,0,0,0,0,0,0,0,0,0,0.69,0,0,0,0,0,2.08,0.69,0,0,0,0,0,0,0,0,0,0,0.69,0,0,0,0,0,0,0,0,0,0,0,0,0.284,0,0.284,0.094,0,2,11,60
0,1.56,0,0,0,0,1.56,0,0,1.56,0,0,0,0,0,1.56,1.56,0,0,0,1.56,0,0,0,0,0,0,0,0,0,0,0,0,0,0,0,1.56,0,0,0,0,0,0,0,0,0,0,0,0,0.183,0,0,0.183,0.183,11.714,140,164
0,0,0,0,1.85,0,0,1.85,0,0,0,0,0,0,0,0,0,0,0,0,0,0,0,0,0,0,0,0,0,0,0,0,0,0,0,0,0,0,0,0,0,0,0,0,0,0,0,0,0,0.223,0,0,0,0,3,15,54
0,0,0,0,0.47,0,1.41,0,0,0,0.47,0.47,0,0,0,0.47,0,1.88,1.41,0.47,1.41,0,0,0,0,0,0,0,0,0,0,0,0,0,0,0,0,0,0,0,0,0,0,0,0,0,0,0,0,0,0,0.145,0.145,0,4.041,54,194
0,0,0.19,0,0,0,0,0,0,0,0,0.79,0,0,0,0.39,0,0,0.99,0,0,0,0,0,0,0,0,0,0,0,0,0,0,0,0,0,0,0,0,0,0.19,0,0,0,0.19,1.19,0,0,0,0,0,0.029,0,0,1.131,11,155
0.78,0,0.78,0,1.57,0,0,0,0,0,0,0,0,0,0,1.57,0.78,0,1.57,0,2.36,0,0.78,0,0,0,0,0,0,0,0,0,0,0,0,0,0,0,0,0,0,0,0,0,0,0,0,0,0,0,0,0.682,0.341,0,2.555,22,115
0,0,0.14,0,0.28,0,0.14,0,0,0,0,0,0,0,0,0,0,0,2.89,2.31,2.02,7.97,0.14,0,0,0,0,0,0,0,0,0,0,0,0,0,0,0,0,0,0,0,0,0,0.28,0,0,0,0,0.053,0,0.269,0.08,0.484,15.086,74,1222
0,0,0,0,0,0,0,0,0,0,0,1.49,0,0,0,0,0,0,0,0,0,0,0,0,1.49,1.49,0,0,0,0,0,0,0,0,0,0,0,0,0,0,0,0,0,0,0,1.49,0,0,0,0,0,0,0,0,2,8,36
0,0,0.72,0,1.81,0,0,0,0,0.36,0,0.36,0,0,0,0,0.72,0,0.72,0,0.36,0,0,0,0,0,0,0,0,0,0,0,0.36,0,0,0,0,0,0,0,0,0,0,0,0,0,0,0,0.053,0.265,0,0,0,0,1.543,13,88
0,0,0,0,0,0,0,0,0,0,0,1.02,0,0,0,0,0,0,0,0,0,0,0,0,3.06,4.08,0,0,0,0,0,0,0,0,0.51,0,0,0,0,0,0,0,0,0,0,0,0,0,0,0.217,0,0,0,0,1.718,12,122
0,0,0.73,0,0,0,0.73,0,0,0,0,0,0,0,0,2.2,0,0,1.47,0,1.47,0,0,0,0,0,0,0,0,0,0,0,0,0,0,0,0,0,0.73,0,0,0,0,0,0,0,0,0,0,0,0,0.088,0,0,3.048,29,125
0,0,0,0,0,1.03,0,2.07,0,0,0,0,0,0,0,0,0,0,0,0,0,0,0,0,0,0,0,0,0,0,0,0,0,0,0,0,0,0,0,0,0,0,0,0,0,0,0,0,0,0.144,0.072,0,0,0,1.523,11,64
0,0,0,0,4.54,0,0,0,0,0,0,0,0,0,0,0,0,0,0,0,0,0,0,0,0,0,0,0,0,0,0,0,0,0,0,0,0,0,0,0,0,4.54,0,4.54,0,0,0,0,0,0,0,0,0,0,2,5,16
0,0,0,0,0,0,0,0,0,0,0,4.76,0,0,0,0,0,0,0,0,0,0,0,0,0,0,0,0,0,0,0,0,0,0,0,0,0,0,0,0,0,0,0,0,0,0,0,0,0,0,0,0.769,0,0,1.428,4,10
0,0,0,0,0,0,0,0,0,0,0,0,0,0,0,0,0,0,1.55,0,1.16,0,0,0,0,0,0,0,0,0,0,0,0,0,0,0,0,0,0,0,1.16,0,0,0,0,0,0,0,0,0.07,0,0,0,0,1.541,4,37
0,0,0.64,0,0.64,0,0,0,0,1.29,0,0,0,0,0,2.59,0,0,3.24,0,0.64,0,0,0,0,0,0,0,0,0,0,0,0,0,0,0,0,0,0,0,0,0,0.64,0,0,0,0,0,0,0,0,0.574,0,0,5.833,30,105
0,0,0.46,0,0.46,0,0,0,0,0,0,0,0,0,0,0.46,0,0,2.8,0,0.93,0,0,0,0,0,0,0,0,0,0,0,0,0,0,0,0,0,0,0,0,0,0,0,0.46,0,0,0,0,0.082,0,0.663,0,0,1.428,20,120
0,0,0,0,0,0,0,0,0,0,0,0,0,0,0,0,0,0,0,0,0,0,0,0,0,0,20,0,0,0,0,0,0,0,0,0,0,0,0,0,0,0,0,0,0,0,0,0,0,0,0,0,0,0,1,1,5
0,0.36,0,0,0.36,0,0,0,0,0.36,0,0.36,0,0,0,0,0,0,1.08,0,0,7.22,0,0,0,0,0,0,0,0,0,0,0,0,0,0,0,0,0,0,0,0,0,0,0,0,0,0,3.972,0,0,0.063,0,0.504,6.423,43,334
0,0,0,0,0,0,0,0,0,0,0,0,0,0,0,0,0,0,0,0,0,0,0,0,2,0,0,0,0,0,0,0,0,0,0,1,0,0,0,0,0,0,0,0,0,0,0,0,0,0,0,0.161,0,0,1.25,3,15
0,0,0.18,0,0.56,0,0,0,0,0,0,0.75,0.37,0,0,0,0,0,0,0,0,0,0,0,3.03,0,0,0,0,0,0,0,0,0,0,0.18,0.18,0,0,0,0,0,0.18,0,0.18,0,0,0,0,0.056,0,0,0.112,0,2.188,19,232
0,0,0.48,0,0.72,0.48,0,0,0.24,0,0.48,0.24,0,0,0,0.48,0,0.24,1.21,0,1.45,0,0.48,0.24,0,0,0,0,0,0.24,0,0,0,0,0,0,0,0,0,0.24,0,0,0.24,0,0,0,0,0.24,0,0.036,0,0.036,0.184,0,2.276,66,255
0,0.55,0.55,0,1.11,0.55,2.23,0,0,0.55,0,0.55,0,0,0,0,0,0.55,3.35,0,1.11,0,0,0,0,0,0,0,0,0,0,0,0,0,0,0,0,0,0,0,0,0,0,0,0.55,0,0,0,0,0.159,0,0.479,0,0.079,16.739,147,385
0,0,0,0,1.2,0,1.2,1.2,1.2,1.2,1.2,1.2,0,0,0,0,4.81,0,2.4,1.2,3.61,0,0,0,0,0,0,0,0,0,0,0,0,0,0,0,0,0,0,0,0,0,0,0,0,0,0,0,0,0,0,0.331,0,0,50.166,295,301
0,0,0,0,0,0,0,0,0,0,0,3.03,0,0,0,0,0,0,1.51,0,0,0,0,0,0,0,0,0,0,0,0,0,0,0,0,0,0,0,0,0,0,0,0,0,0,0,0,0,0,0,0,0.595,0,0,1.5,4,15
1.04,0,0.52,0,0.52,0,0,0,0,0,0,0,0,0,0,0,0,0,2.09,0,0.52,0,0,0,2.09,2.61,1.04,0.52,0.52,0.52,0.52,0.52,0,0.52,0.52,0.52,0,0,0,0.52,0,0,0,0,1.04,0,0,0,0,0.309,0,0.309,0,0,3.973,34,151
0,0,0,0,0,0,0,0,0,0,0,0,1.26,0,0,0,0,0,2.53,0,1.26,0,0,0,0,0,0,0,0,0,0,0,0,0,0,0,0,0,0,0,0,0,0,0,0,1.26,0,0,0,0,0,0,0,0,4.352,47,74
0,0,0,0,0,0,1.15,0,0,0,1.15,0.76,0.76,0,0,0.38,0,0.38,4.61,0.38,0.76,0,1.92,0,0,0,0,0,0,0,0,0,0,0,0,0,0,0,0,0,0,0,0,0,0,0,0,0,0,0,0,0.486,0.347,0,1.608,6,74
0,0,0,0,0,0,0,0,0,0,0,0,0,0,0,0,0,0,3.84,0,0,0,0,0,0,0,0,0,3.84,0,0,0,0,0,3.84,0,0,0,0,0,0,3.84,0,0,0,0,0,0,0,0,0,0,0,0.751,2.333,13,21
0.51,0,0.51,0,1.53,0,0,0,0,0.51,0,0.51,0,0,0,0,0,0,1.02,0,0,0,0.51,0,0,0,0,0,0,0,0,0,0,0,0,0,0,0,0,0,0,0,0,0,0,0.51,0.51,0,0,0.079,0,0,0,0,1.442,8,75
0,0,0.74,0,0.74,0,0,0.74,1.49,0,0,0,0,0,0,0,0,0,6.71,0,2.98,0,0,0,0,0,0,0,0,0,0,0,0,0,0,0,0,0,0,0,0,0,0,0,0,0,0,0,0,0,0,0.99,0,0,1.666,12,60
0.51,0,0.51,0,0,0.51,0,0,0,0,0,0.51,0,0,0,0,0,0,0.51,0,1.02,0,0,0,0,0,0,0,0,0,0,0,0,0,0,0,0.51,0,0.51,0,0.51,0,1.02,0,0,0.51,0,0,0,0.161,0.08,0.08,0,0,1.885,12,66
0,0,0,0,0,0,0,0,0,3.77,0,0,0,0,0,0,0,0,1.88,0,0,0,0,1.88,0,0,0,0,0,0,0,0,0,0,0,0,0,0,0,0,0,0,0,0,0,0,0,0,0.264,0,0,0,0,0,4.333,13,78
0,0,0,0,0,0,0,0,0,0,0,0,0,0,0,0,0,0,3.17,0,3.17,0,0,0,0,0,0,0,0,0,0,0,0,0,0,0,0,0,0,0,0,0,0,0,1.58,1.58,0,0,0,0,0,0,0,0,1,1,12
0,0,0,0,0,0,0,0,0,0,0,0,0,0,0,0,0,0,3.44,0,0,0,0,0,0,0,0,0,0,0,0,0,0,0,0,0,0,0,0,0,0,0,0,0,3.44,0,0,0,0,0,0,0,0,0,1.6,4,8
0.58,0,0,0,0.19,0.19,0,0,0.38,0.19,0,2.32,0,0,0,0.19,0,0,2.51,0,1.16,0,0,0,0.19,0.58,0,0,0,0,0,0,0,0,0,0,0.19,0,0,0,0,0,0,0.38,0,0,0,0,0,0.251,0,0,0,0.071,2.08,11,156
0.2,0.06,0.2,0,0.4,0,0,0,0,0,0,0.95,0.27,0,0,0.06,0.06,0,0,0,0,0,0,0,3.47,0,0,0,0,0,0,0,0.06,0,0,0.34,0.06,0,0,0,0,0,0.13,0.06,0.06,0,0,0.13,0.027,0.09,0,0,0.018,0,2.423,26,693
0,0,1.19,0,0,0,0,0,0,0,0,0,0,0,0,0,0,1.19,0,0,1.19,0,0,0,4.76,2.38,0,1.19,0,1.19,1.19,0,0,0,1.19,1.19,0,0,0,0,0,0,0,0,0,0,0,0,0,0.286,0,0.286,0,0.143,2.724,13,79
0,0,0,0,0,0,0,0,0,0,0,0,0,0,0,0,0,0,0.43,0,0.86,0,0,0,6.03,3.44,0.86,0.43,0.43,0.43,0.43,0.43,0,0.43,0.43,0.43,0.86,0,0.43,0.43,0,0,0.43,0,0.43,0,0,0,0,0.13,0.065,0.065,0,1.043,2.983,40,179
0,0,0,0,0,0,0,0,0,0,0,4.22,0,0,0,0,0,0,0,0,1.4,0,0,0,0,2.81,0,0,0,0,0,0,0,0,0,0,0,0,0,0,0,2.81,0,0,0,0,0,0,0,0,0,0,0,0,3.153,38,82
0,0,0.51,0,1.54,0,0,0,0.25,0,0,1.28,0,0,0,0,0,0,0,0,0,0,0,0,0.77,0.25,0,0,1.03,1.8,0,0,0,0,0,0,0.25,0.25,0,0,0,0,0,0,0.25,0,0,0,0,0.039,0,0,0,0,1.767,7,99
0,0,0.91,0,0,0,0,0,0,0,0,0.91,0.91,0,0,0,0,0,5.5,0,0.91,0,0,1.83,0,0,0,0,0,0,0,0,0,0,0,0,0,0,0,0,0,0,0,0,0.91,0.91,0,0,0,0,0,0.13,0,0,2.457,47,86
0.36,0.36,0,0,1.8,0,0,0,0,0,0,1.44,0,0,0,0,0.72,0,0.36,0,1.08,0,0,0,1.8,0,0,0,0.72,0.36,0,0,0,0,0,0,0.36,0,0,0,0,0,0,0,0,0,0,0,0,0,0,0,0,0,1.636,12,54
0,0,0,0,0,0,0,0,0,0,0,1,0,0,0,0,0,0,0,0,0,0,0,0,0,0,0,0,0,0,0,0,1.5,0,0.5,0,0.5,0,0,0,0,0,0,0,0,0,0,0,0,0.411,0,0,0,0,1.866,10,112
0.1,0.1,0.71,0,0.51,0.2,0.2,0.1,1.43,0.82,0.1,0.51,0,0,0,0.1,0,1.02,2.15,0.41,1.84,0,0,0.3,0,0,0,0,0,0,0,0,0,0,0.1,0,0,0,0.1,0,0,0,0,0,0,0,0,0,0,0,0.264,0.974,0.396,0.033,3.163,56,1028
0.06,0,0.25,0,0.25,0.25,0,0.5,0,0,0,0.56,0.12,0.06,0,0,0.5,0,0.12,0,0,0,0,0,2.06,0,0,0,0,0,0,0,0.06,0,0,0.75,0.06,0,0,0,0,0.06,0,0.06,0,0,0,0.06,0.104,0.069,0,0,0.043,0,2.148,23,623
0,0,0.3,0,0.3,0.91,0,0.3,0,0,0,0.3,0.3,0,0,0.3,0.3,0.3,2.12,0,3.03,0,0,0.3,0,0,0,0,0,0,0,0,0,0,0,0,0,0,0,0,0,0,0,0,0.3,0,0,0,0,0.211,0,0,0.211,0.052,1.752,11,184
0.33,0,0,0,0,0,0,0,0.33,0,0,0,0,0,0,0,0,0,0.33,0,0,0,0,0,0,0,0,0,0,0,0,0,3.3,0,0,0,0,0,0,0,0,0,0,0,0,0,0,0,0,0.448,0,0.056,0,0,1.788,6,93
0.34,0,0,0,0,0,0,0,0.34,0.68,0,1.02,0,0,0,0,0,0,1.36,0,0.68,0,0,0,2.38,1.7,0.68,1.7,0.68,0.34,0.34,0.34,0,0.34,0.34,0.34,0.68,0,0.68,0.34,0,0,0.68,0,0.34,0,0,0,0.052,0.42,0.052,0,0,0.052,2.604,13,250
0.1,0,0,0,0,0.1,0,0.52,0,0.1,0,1.9,0.1,0.1,0,0.1,0.21,0,0,0,0,0,0,0,3.17,0,0,0,0,0,0,0,0,0,0,0.1,0.1,0,0,0,0,0,0,0.1,0,0,0,0,0.027,0.138,0,0.041,0.041,0,2.321,31,469
0,0,3.44,0,3.44,0,0,0,0,0,0,0,0,0,0,0,0,0,3.44,0,0,0,0,0,0,0,3.44,0,0,0,0,0,0,0,0,0,0,0,0,0,0,0,0,0,0,0,0,0,0,0.609,0,0,0,0,1.5,4,15
0,0,0,0,0,0,1.47,0,0,0,0,0,0,0,0,0,0,0,0,0,1.47,0,0,0,0,0,0,0,0,0,0,0,0,0,0,0,0,0,0,0,0,0,0,0,0,0,0,0,0.496,0,0,0,0.248,1.985,3.15,12,63
0,0,0,0,0,0,0,0,0,0,0,1.33,0,0,0,1.33,0,0,2.66,0,4,0,0,0,0,0,0,0,0,0,0,0,0,0,0,0,0,0,0,0,0,0,0,0,0,0,0,0,0,0,0,1.326,0,0,2.2,11,44
0.31,0,0,0,0,0,0,0,0,0,0.31,0.31,0.31,0,0,0,0.31,0,2.79,0,1.55,0,0,0,0,0,0,0,0,0,0,0,0,0,0,0.31,0,0,0,0,0,0,0,0,0,0,0,0,0.114,0,0,0.057,0,0,2.972,18,110
0,0,0,0,0,0,0,0,0,0,0,0,0,0,0,0,0,1.26,5.06,0,0,0,0,0,0,0,0,0,0,0,0,0,0,0,0,0,0,0,0,0,0,0,0,1.26,2.53,0,0,0,0,0.263,0,0,0,0,2,5,32
0,0,1.01,0,0,0,0.5,0,0,2.02,1.51,1.51,0,0,0,0.5,0,0,3.53,0,1.01,0,1.51,1.01,0,0,0,0,0,0,0,0,0,0,0,0,0,0,0,0,0,0,0,0,0,0,0,0,0,0.089,0,1.431,0.536,0,4.09,23,225
0,0,1.23,0,0,0,0,0,0,0,0,0,0,0,0,0,0,0.61,1.85,0,0,0,0,0,0,0,0,0,0,0,0,0,0,0,0,0,0,0,0,0,0.61,0.61,0,0,1.23,0.61,0,0,0,0,0.406,0,0,0,1.666,13,70
0,0,1.31,0,0,0,0,0,0,0,0,1.31,0,0,0,0,0,0,1.31,0,5.26,0,0,1.31,0,0,0,0,0,0,0,0,0,0,0,0,0,0,0,0,0,0,0,0,0,0,0,0,0,0,0,0,0.212,0,4.818,25,53
0,0,0,0,0,0,0,0,0,0,0,0,0,0,0,0,0,0,0,0,0,0,0,0,0,0,0,0,0,0,0,0,0,0,0.08,0,0,0,0,0,0,0,0,0,0.08,0,0,0,0,2.263,0,0,0,0,3.149,9,1310
0,0,0,0,0,0,0,0,0,0,0,0,0,0,0,0,0,0,0,0,0,0,0,0,0,0,0,0,0,0,0,0,5.33,0,0,0.21,0,0,0,0,0,0,0,0,0,0,0,0,0.03,0.06,0,0,0,0,2.481,76,201
0,0,0,0,0,0,0,0,0,1.51,0,1.51,0,0,0,0,0,0,7.57,0,1.51,0,0,0,0,0,0,0,0,0,0,0,0,0,0,0,0,0,0,0,0,0,0,0,0,0,0,0,0,0,0,0,0,0,2.769,15,36
0,0,0,0,5,0,0,0,0,0,0,0,0,0,0,0,0,0,0,0,0,0,0,0,0,0,0,0,0,0,0,0,0,0,0,0,0,0,0,0,0,0,0,0,0,0,0,0,0,0,0,0,0,0,3.5,9,21
0.6,0,0,0,0.91,0,0,0,0,0,0,0.91,0.6,0,0,0,0,0,1.21,0,1.82,0,0,0,0.3,0.3,0,0,0,0,0,0,0,0,0,0,0.6,0,0,0,0,0.91,0,0,0.3,0,0,0.3,0.088,0.044,0,0.044,0,0,2.222,22,120
0,0,0,0,1.35,0.45,0,0,0,0,0,0,0.45,0,0,0.45,0.45,0.45,1.8,0,1.35,0,0,0,0,0,0,0,0,0,0,0,0,0,0,0,0,0,0,0,0,0,0,0,0,0,0,0,0,0.138,0,0.138,0,0,5.809,46,122
0,0,0,0,0,0,0,0,0,0,0,0,0,0,0,0,0,0,0,0,0,0,0,0,0,0,0,0,0,0,0,0,0,0,0,0,0,0,0,0,1.66,0,0,0,1.66,3.33,0,0,0,0.8,0,0,0,0,1.5,4,33
0.01,0.01,0.07,0,0.05,0,0,0.01,0.03,0.13,0.05,0,0,0.05,0,0,0.01,0.07,0.01,0,0.01,0,0,0,0,0,0,0,0,0,0,0,0.07,0,0,0.13,0,0,0,0.01,0.46,0,0,0.03,0,0.8,0.01,0.07,0.05,0.301,0.131,0.002,0.09,0.002,2.577,82,5395
0,0,1.02,0,0.51,0,0,0,0,0,0,0,0,0,0,0.51,0,0,1.53,0,1.53,0,0,0,0,0,0,0,0,0,0,0,0,0,0,0,0,0,0,0,0,0,0,0,0.51,0,0,0,0,0.09,0,0.542,0,0,1.972,19,146
0,0,0,0,0.37,0,0,0,0,0,0,0.37,0.37,0,0,0,0.75,0,1.12,0,0.37,0,0,0,0,0,0.75,0,0,0,0,0,0,0,0,0,0,0,0,0,0,0.75,0,0,0.37,0,0,0,0,0.054,0,0,0.054,0,1.066,4,128
0,0,0,0,0,0,0,0,0,0,0,0,0,0,0,0,0,0,2.37,0,1.01,0,0,0,0.67,1.69,1.01,0.33,0,0.67,0,0,0,0,0.33,0,0.33,0,0,0,1.01,0,0.33,0,1.01,1.01,0,0,0,0.108,0,0,0,0,1.851,13,100
0.1,0,0.1,0,0.4,0.1,0.1,0,0.2,0.2,0.4,0.5,0,0.6,0,0.91,0.2,0,1.72,4.26,1.72,0,0.4,0.2,0,0,0,0,0,0,0,0,0,0,0,0,0,0,0,0,0,0,0,0,0,0,0,0,0,0.096,0,0.336,0.16,0,6.758,494,1426
0,0.27,0,0,0,0,0,0,0,0,0,1.94,0,0,0,0,0.27,0,1.39,0,0,0,0,0,0.83,0.55,0,0,0,0.83,0,0,0,0,0,0,0,0,0,0,0,0,0,0.27,0,0,0,0,0.128,0,0,0,0,0,1.197,6,109
0,0,0,0,0,0,0,0,0,0,0,0,0,0,0,0,0,0,0,0,0,0,0,0,0,0,25,0,0,0,0,0,0,0,0,0,0,0,0,0,0,0,0,0,0,0,0,0,0,0,0,0,0,0,2.333,5,7
0,0,1.06,0,0,1.06,1.06,0,0,0,0,1.06,1.06,0,0,0,0,0,2.12,0,0,0,0,0,0,0,0,0,0,0,0,0,0,0,0,0,0,0,0,0,0,0,0,0,0,0,0,0,0,0,0,0,0,0,4.909,78,108
0.17,0,0.17,0,1.52,0.35,0.05,0.05,0.05,0.05,0.05,0.52,0.29,0.05,0,0,0.64,0.05,4.21,0.23,1.11,0,0.81,0.05,0,0,0,0,0,0,0,0,0,0,0,0,0,0,0,0,0,0,0.05,0,0,0,0,0,0.01,0.052,0,0.01,0.167,0,1.838,13,467
0,0,0,0,0,0,0,0,0,0,0,0,0,0,0,0,0,0,3.38,0,1.69,0,0,0,1.69,1.69,1.69,0,0,0,0,0,0,0,0,0,0,0,1.69,0,0,0,0,0,1.69,0,0,0,0,0.315,0,0,0.63,0,3.083,12,37
0,0,0,0,0,0,0,0,0,0,0,0,0,0,0,0,0,0,0,0,0,0,0,0,0,0,0,0,0,0,0,0,0,0,0,0,0,0,0,0,0,0,0,16.66,0,0,0,0,0,0,0,0,0,0,2,3,4
0,0,0,0,0.45,0.45,0.45,0,0,0,0,0.45,0,0,0,0,0,0,0.9,0,0.45,9.5,0,0,0,0,0,0,0,0,0,0,0,0,0,0,0,0,0,0,0,0,0,0,0,0,0,0,0,0,0,0.203,0,1.084,8.517,72,477
0,0,0,0,0,0,0,0,0,0,0,0,0,0,0,0,0,0,1.72,0,0,0,0,0,0,0,0,0,0,0,0,0,0,0,1.72,0,0,0,0,0,0,3.44,0,0,0,0,0,0,0,0,0,0.25,0,0,2.619,9,55
0,0,0,0,0,0,0,0,0,0,0,0,0,0,0,0,0,0,0,0,0,0,0,0,0,0,0,0,0,0,0,0,0,0,0,0,0,0,0,0,0,0,0,0,0,0,0,0,0,0.278,0,0.834,0,0,5.13,27,118
0.09,0,0.09,0,0.39,0.09,0.09,0,0.19,0.29,0.39,0.48,0,0.58,0,0.87,0.19,0,1.66,4.1,1.66,0,0.39,0.19,0,0,0,0,0,0,0,0,0,0,0,0,0,0,0,0,0,0,0,0,0,0,0,0,0,0.139,0,0.31,0.155,0,6.813,494,1458
0,0.85,0.42,0,0.42,0,0.42,0,1.27,0.85,0,0.42,0.42,0,0,0,0,0,2.55,0,2.12,0,0,0.42,0,0,0,0,0,0,0,0,0,0,0,0,0,0.42,0,0,0,0,0,0,0,0,0,0,0,0.221,0,0.177,0.221,0.177,8.777,54,553
0,0,0,0,0,0,2.3,0,0,0,0.76,2.3,0,0,0,0.76,0,0.76,3.07,0,2.3,0,0,0,0,0,0,0,0,0,0,0,0,0,0,0,0,0,0,0,0,0,0,0,0,0,0,0,0,0,0,0.518,0,0,11.312,142,181
0,0,1.4,0,0,0,0,0,0,0,0,1.4,0,0,0,0,0,0,1.4,0,0,0,0,0,0,0,0,0,0,0,0,0,0,0,0,0,0,0,0,0,2.81,0,0,0,0,1.4,0,0,0,0,0,0.497,0,0,1.722,10,31
0,0,0,0,0,0,0,0,0,0,0,0,0,0,0,0,0,0,0,0,0,0,0,0,0,0,0,0,0,0,0,0,0,0,0,0,0,0,0,0,0,0,0,0,0,0,0,0,0,0,0,0,0,0,1,1,4
0.49,0.28,0.4,0,0.09,0.11,0.02,0.21,0.42,0.75,0.23,0.89,0.54,1.06,0,0.16,0.33,0.02,3.23,0,1.46,0,1.03,0.51,0,0,0,0,0,0,0,0,0,0,0,0,0,0,0,0,0,0,0,0,0.02,0,0,0,0,0.059,0,0.391,0.868,0.144,5.783,193,3210
0.4,0.34,0.27,0,0.13,0.4,0.06,0.2,0,1.36,0.27,0.68,0.95,0,0.2,0,0,0,3.68,0,0.81,0,0.13,0.27,0,0,0,0,0,0,0,0,0,0,0,0,0,0,0,0,0,0,0,0,0,0,0,0,0.013,0.052,0,0.474,0.197,0.065,3.286,53,608
0,0,0,0,0,0,0,0,0,0,0,0,0,0,0,0,0,0,5.66,0,1.88,0,1.25,0,0,0,0,0,0,0,0,0,0,0,0,0,0,0,0,0,0,0,0,0,0,0,0,0,0,0.22,0,0,0,0,2.15,8,43
0,0,0,0,0,0,0,0,0,1.02,0,1.02,0,0,0,0,0,0,5.1,0,0,0,0,0,0,0,0,0,0,0,0,0,0,0,0,0,0,0,0,0,0,0,0,2.04,0,0,0,0,0.309,0.154,0,0.154,0,0,3.304,48,76
0,0,1.58,0,0,0,0,0,0,1.58,0,0,0,1.58,0,0,0,0,3.17,0,1.58,0,0,0,1.58,0,3.17,0,1.58,1.58,0,0,0,0,0,1.58,0,0,0,0,0,0,0,0,1.58,0,0,0,0,0,0,0,0,0,1.4,5,35
0,0,0,0,0,0,0,0,0,0,0,0,0,0,0,0,0,0,0,0,0,0,0,0,0,0,0,0,0,0,0,0,0,0,0,0,3.33,0,0,0,0,0,0,0,0,0,0,0,0.305,0.611,0,1.529,0,0,5.5,22,66
0,0,0,0,0,0,0,0,0,2.77,0,0,0,0,0,0,0,0,2.77,0,5.55,0,0,0,0,0,0,0,0,0,0,0,0,0,0,0,0,0,0,0,0,0,0,0,2.77,0,0,0,0,0,0,0.438,0,0,1.214,3,17
0,0,0,0,0,1.05,0,0,0,0,0,0.52,0,0,0,0,0,0,0,0,0,0,0,0,0,0,0,0,0,0,0,0,0,0,0,0,0,0,0,0,0,0,0,0,0,0,0,0,0,0.057,0,0,0,0,2.675,36,99
0.32,0,0.64,0,0.32,0.32,0,1.6,0.32,0.64,0.32,0.64,0,0,0,0,1.6,0,1.28,2.57,3.53,0,0,0,0,0,0,0,0,0,0,0,0,0,0,0,0,0,0,0.32,0,0,0,0,0,0,0,0,0,0.213,0,1.174,0.106,0,3.584,63,319
0,0,0,0,0,0,0,0,0,0,0,0,0,0,0,0,0,1.83,5.5,0,0,0,0,0,0,0,0.91,0,0,0,0,0,0,0,0,0,0,0,0,0,0,0,0,0,0.91,0,0,0.91,0,0.175,0,0,0,0,1,1,18
0.74,0.28,0.31,0,0.07,0.21,0,0.14,0.49,0.35,0.17,0.74,0.56,1.48,0,0.17,0.49,0.03,3.24,0,1.23,0,0.56,0.77,0,0,0,0,0,0,0,0,0,0,0,0,0,0,0,0,0,0,0,0.03,0.07,0,0.03,0,0.006,0.054,0,0.678,1.05,0.162,5.648,154,3084
0,0,0,0,0,1.21,0,0,0,0,0,0,0,0,0,0,0,0,1.21,0,1.21,2.43,0,0,0,0,0,0,0,0,0,0,0,0,0,0,0,0,0,0,0,0,0,0,1.21,0,0,0,0,0,0,1.627,0,0.465,2.591,31,127
0,0,0,0,0,0,0,0,0,0,0,0,0,0,0,0,0,0,1.72,0,0,0,0,0,6.89,3.44,0,0,0,3.44,0,0,0,0,1.72,0,0,0,0,0,0,0,0,0,0,0,0,0,0,0,0,0,0,0,2.16,11,54
0,0,0,0,1.81,0,0,0,0,1.81,0,0,1.81,0,0,0,0,0,0,0,0,0,0,0,1.81,1.81,0,0,0,0,0,0,0,0,0,0,0,0,0,0,0,0,0,0,0,0,0,0,0,0,0,0,0,0,1.3,3,13
0,0,0,0,0,0,0,0,0,0,0,0,0,0,0,0,0,0,0,0,0,0,0,0,0,0,0,0,0,0,0,0,0,0,0,0,0,0,0,0,0,0,0,6.25,0,0,0,0,0,0,0,0,0,0,2.714,10,38
0,0,1.31,0,0,0,0,0,0,0,0,1.31,0,0,0,0,0,0,1.31,0,5.26,0,0,1.31,0,0,0,0,0,0,0,0,0,0,0,0,0,0,0,0,0,0,0,0,0,0,0,0,0,0,0,0,0.212,0,4.818,25,53
0.34,0,0.34,0,0.34,0.34,0,0,0,0,0,0,0,0,0,0,0,0,2.41,0,1.03,0,0,0,2.06,1.03,1.03,0.68,0,0.68,0,0,0,0,0.68,0,1.03,0,0,0,0,0,0.34,0,0.68,0.34,0,0,0.116,0.292,0.058,0,0,0,2.333,15,182
0,0,1.17,0,0,0,0,0,0,1.17,0,2.35,1.17,0,0,0,0,0,1.17,0,0,0,0,0,0,0,0,0,0,0,0,0,0,0,0,0,0,0,0,0,0,1.17,0,0,0,0,0,0,0,0.361,0,0.361,0.18,0,1.652,4,38
0,0,0,0,0,0,0,0,0,0,0,0,0,0,0,0,0,0,0,0,0,0,0,0,0,0,0,0,0,0,0,0,0,0,0,0,0,0,0,0,0,0,0,0,0,0,0,0,0,0.375,0.525,0.225,0,0,4.906,39,211
0,0,0,0,0,0,0,0,0,0,0,1.42,0,0,0,1.42,0,0,2.14,0,0.71,0,0,0.71,0,0,0,0,0,0,0,0,0,0,0,0.71,0,0,0,0,0,0,0,0,0,0,0,0,0,0.099,0,0.899,0,0,3.066,36,138
0,0,0,0,0,0,0,0,0,0,0,0.14,0,0,0,0,0,0,0,0,0.14,0,0,0,5.16,0,0,0,0.14,0.44,0,0,0.14,0,0,0,1.47,0,0.59,0,0,0,0,0,0.29,0,0,0,0.186,0.538,0.124,0,0,0,4.454,55,931
0.26,0,0,0,0,0.26,0,0,0.26,0,0,0.78,0,0,0,0,0,0,0,0,0,0,0,0,0,0,0,0,0,0,0,0,2.35,0,0,0,0,0,0,0,0.26,0,0,0,0,0.52,0,0,0,0.033,0,0,0,0,2.921,61,111
0,0,0,0,0,0,0,0,0,0.58,0,0,0,0,0,0,0,0,2.9,0,0,0,0,0,1.74,1.16,1.16,1.74,0.58,1.16,0.58,0.58,0,0.58,0.58,1.16,0.58,0,0.58,0.58,0,0,0.58,0,0.58,0,0,0,0,0.379,0,0,0,0,2.222,12,140
0,0,0,0,0,0,0,0,0,0,0,0,0,0,0,10,0,0,0,0,0,0,0,0,0,0,0,0,0,0,0,0,0,0,0,0,0,0,0,0,0,0,0,0,0,0,0,0,0,0,0,0,0,0,1.428,4,10
0.13,0,0.13,0,0.13,0,0,0,1.18,0,0,0.52,0,0,0,0,0,0,0.52,0,0.26,0,0,0,0.65,0.79,0.13,0,0,0,0,0,0.52,0,0,0,0,0,0,0,0,0,0,0,0,0,0,0,0.128,0.164,0.036,0,0.036,0,3.185,32,481
0,0,0,0,0,0,0,0,0,0.72,0,0.72,0,0,0,0,0,0,4.37,0,0,0,0,0,1.45,0,0,0,0,0,0,0,0,0,0,0,0,0,0,0,0,0,0,0,0,0,0,0,0,0,0.107,0,0,0,1.48,9,37
0,1.96,0.98,0,0,0,1.96,0,0,0,0,0,0,0,0,0.98,0,0,0.98,0,0.98,0,0,0,0,0,0,0,0,0,0,0,0,0,0,0,0,0,0,0,0,0,0,0,0.98,0,0,0,0,0.168,0,1.011,0,0,2.888,12,52
0.51,0,0.51,0,1.53,0.51,0,0,0,0,0,0.51,0,0,0,0,0,0,3.58,0,0,0,0,0,2.56,0,2.05,0.51,0.51,2.05,0.51,0.51,0,0.51,0.51,1.02,0,0,0,0.51,0,0,0,0,1.02,0.51,0,0,0,0.27,0,0,0,0,1.983,24,121
0,0,0.52,0,1.58,0,1.05,0,0,1.05,0.52,1.58,0,0,0,0.52,0,0,1.05,0,0.52,0,0,0,0.52,0.52,0,0,0,0,0,0,0,0,0,0,0,0,0,0,0,0,0,0,0,0,0,0,0,0.25,0,0,0,0,2.82,23,110
0.52,0.42,0.35,0,0.14,0.03,0.03,0.1,0.56,0.8,0.28,0.7,0.56,1.19,0.03,0.24,0.45,0,3.18,0,1.47,0,0.38,0.63,0,0,0,0,0,0,0,0,0,0,0,0,0,0,0,0,0,0,0,0,0.07,0,0,0,0,0.075,0,0.452,0.528,0.116,6.152,260,2184
0,0,0,0,2.94,0,0,0,0,0,0,0,0,0,0,0,0,0,0,0,0,0,0,0,0,0,2.94,0,0,0,0,0,0,0,0,0,0,0,0,0,0,0,0,0,2.94,0,0,0,0,0,0,0,0,0,1.333,3,16
0.84,0,0,0,0,0,0,0,0,0,0,0.84,0,0,0,0,0,0,0.42,0,0,0,0,0,0,0,0,0,0,0,0,0,0,0,0,0,0,0,0,0,0,0,0,0.84,0,0,0,0,0.082,0.414,0,0,0,0,3.34,7,167
0,0,0,0,0,0,0,0,0,0,0,0,0,0,0,0,0,0,4.5,0,0,0,0,0,0,0,0,0,0,0,0,0,0,0,0,0,0,0,0,0,0,0,0,0,0,0.9,0,0,0,0.174,0,0,0,0,1.222,4,22
0.68,0,0,0,0,0,0,0,0,0,0,0.68,0,0,0,0.68,0,0,5.47,0,0,0,0,0,0.68,0,0.68,0,0,0,0,0,0,0,0,0.68,0,0,0,0,0,0,0,0,0.68,0,0,0,0,0.138,0,0,0,0,1.1,3,22
0,0,0,0,0,0,0,0,0,0,0,1.06,0,0,0,0,0,0,1.06,0,0,0,0,0,3.19,1.06,0,0,0,0,0,0,0,0,0,0,1.06,0,2.12,0,0,0,0,0,0,0,0,0,0,0.168,0,0.168,0,0,1.75,7,63
0.09,0,0.09,0,0,0.09,0,0.09,0.87,0,0,0.29,0,0,0,0,0,0,0.38,0,0.19,0,0,0,0.58,0.68,0.09,0,0,0,0,0,0.29,0,0,0,0,0,0,0,0,0,0,0,0,0,0,0,0.173,0.173,0.053,0,0.026,0,3.704,48,726
0,0,0,0,2.22,0,0,0,0,0,0,3.33,0,0,0,0,0,0,1.11,0,1.11,0,0,0,1.11,1.11,0,0,1.11,0,0,0,0,0,0,0,0,0,0,0,0,0,0,0,0,0,0,0,0,0,0,0,0,0,1,1,22
0,0,0,0,0.62,0.62,0,0,0,0,0,2.5,0,0,0,0,0,0,0,0,0,0,0,0,0,0,0.62,0,0,0,0,0,0,0,0,0,0,0,0,0,0,1.25,0,0,0,0,0,0,0.224,0.224,0,0,0,0,2,5,54
0,0,0,0,0,0,0,0,0,0,0,0,0,0,0,0,0,0,3.37,0,0,0,2.24,0,0,0,0,0,0,0,0,0,0,0,0,0,0,0,0,0,0,0,0,0,0,0,0,0,0,0,0,0.218,0,0,1.827,11,53
0,0,0,0,0,0,0.36,0,0,0,0,0,0,0,0,0.36,0,0,3.3,0,0,0,0,0,0,0,0,0,0,0,0,0,0,0,0,0,0,0,0,0,0,0,0,0,0.73,0,0,0,0,0,0,0.053,0.053,0,18.37,134,496
0.16,0.16,0.16,0,0.83,0.16,0,0.16,0,0,0,0.5,0.16,0,0,0,0,0,2.34,0,0.67,0,0,0,0,0,0,0,0,0,0,0,0,0,0,0,0,0,0,0,0,0,0,0.16,0.33,0.16,0,0,0.087,0.058,0,0,0,0,1.901,16,135
0,0,0,0,0,0,0,0,0,0,0,0,0,0,0,0,0,0,10.63,0,2.12,0,0,0,0,0,0,0,0,0,0,0,0,0,0,0,0,0,0,0,0,0,0,0,2.12,2.12,0,0,0.374,0,0,0,0,0,1,1,7
0,0,0,0,0,0,0,3.19,0,0,0,0,0,0,0,0,0,0,0,0,0,0,0,0,0,0,0,0,0,0,0,0,0,0,0,0,0,0,0,0,0,0,0,0,1.06,0,0,0,0,0.207,0,0.207,0.207,0,3.761,25,79
0,0.74,0,0,0,1.49,0.74,0,0,0,0,0,0,0,0,0,0,2.23,1.49,0,0,0,0,0,0,0,0,0,0,0,0,0,0,0,0,0,0,0,0,0,0,0,0,0,0,0,0,0,0,0.307,0,0,0,0,3.39,45,139
0,0.31,0,7.18,0,0,0.31,0.62,0,1.25,0,0,0,0,0,0,0,0.62,0.93,0,0.62,0.31,0,0.31,0,0,0,0,0,0,0,0,0,0,0.62,0,0,0,0,0.31,0,0,0,0,0,0,0,0,0,0.183,0,0.61,0,0.122,9.218,51,507
0,0,0,0,0,0,0,0,0,0,0,1.4,0,0,0,0,0.7,0,1.4,0,1.4,0,0,0,0,0,0.7,0,0,0,0.7,0,0,0,0,0,0,0,0,2.11,0,0,0,0,0,0,0,0,0,0.267,0.066,0,0,0,17.904,200,376
0,0,0,0,0,0,0,0,0,2.5,0,0,0,0,0,0,0,0,2.5,0,2.5,0,0,0,0,0,0,0,0,0,0,0,0,0,0,0,0,0,0,0,0,0,0,0,0,0,0,0,0,0,0,0,0,0,1.416,3,17
0,0.54,0,0,0.54,0,0,0,0,0,0,0,0,0,0,0,0,0,0,0,0,0,0,0,0.54,0.54,0,0,0,0,0,0,0,0,0,0,0,0,0,0,0,0,0,0,1.09,0,0,0,0,0.182,0.091,0.091,0,0,1.212,5,40
0,0,0,0,0,0,0,0,0,0,0,0,0,0,0,0,0,0,0.97,0,0,0,0,0,0,0,0,0,0,0,0,0,0,0,0,0,1.94,0,1.94,0,1.94,0,1.94,0,1.94,1.94,0,0,0.147,0.147,0.294,0,0,0,1.789,12,68
0,0,0,0,0,0,0,0,0,0,0,0,0,0,0,0,0,0,7.69,0,0,0,0,0,0,0,7.69,0,0,0,0,0,0,0,0,0,0,0,0,0,0,0,0,0,0,0,0,0,0,0,0,0,0,0,1.285,2,9
0,0.54,0.54,0,2.19,0,1.09,0,0,0,0,0.54,0.54,0,0,0.54,3.29,0,3.84,0,1.64,0,0,0,0,0,0,0,0,0,0,0,0,0,0,0,0,0,0,0,0,0,0,0,0,0,0,0,0,0.241,0,1.045,0.321,0,5.047,140,212
0.47,0.94,0.94,0,0.47,0,0,0.47,0,1.88,0,2.35,0,0.47,0,0.47,0,0,1.88,0,5.18,0,0,0,0,0,0,0,0,0,0,0,0,0,0,0,0,0,0,0,0,0,0,0,0,0,0,0,0,0.252,0,1.68,0.168,0.084,57.23,636,744
0.4,0.14,0.32,0,0.25,0.18,0.03,1.01,0.4,0.4,0.1,0.72,0.65,0.36,0.25,0.54,0.36,0.32,3.05,0.14,1.45,0,0.29,0.76,0,0,0,0,0,0,0,0,0,0,0,0,0,0,0,0.03,0,0,0,0,0.07,0,0,0,0.012,0.042,0.073,0.343,0.141,0,3.328,181,1621
0.77,0.38,0.77,0,0,0.57,0,0.57,1.15,1.34,0,0.38,0.38,0,1.15,0.19,0.19,1.92,2.11,1.15,1.15,0,1.34,0.77,0,0,0,0,0,0,0,0,0,0,0.19,0,0,0,0,0,0,0,0,0,0,0,0,0,0.027,0.027,0,0.438,0.191,0.054,14.619,525,921
0,0.38,0.38,0,0,0,0,0.38,0.38,0,0,0,0,0,0,0.38,0,0.38,0.38,2.67,0,0,0.76,0.38,0,0,0,0,0,0,0,0,0,0,0,0,0,0,0,0,0,0,0,0,0,0,0,0,0,0.35,0,0,0.35,0,2.162,8,80
0,0.7,0,0,2.83,0,0,0,0,0.7,0,0.7,0,0,0,1.41,1.41,0,7.09,0,5.67,0,0,0,0,0,0,0,0,0,0,0,0.7,0,0,0,0,0,0,0,0,0,0,0,0,0,0,0,0,0,0,0,0,0.126,4.176,44,142
0,0,0,0,0,0,0,0,0,0,0,0,0,0,0,1.09,1.09,0,3.29,0,2.19,0,0,0,0,0,0,0,0,0,0,0,0,0,0,0,0,0,0,0,0,0,0,0,1.09,0,0,0,0,0.371,0,0.371,0,0,3.096,28,96
0,0,0,0,0.9,0,0,0,0,0,0,1.8,0,0,0,0,0,0,1.8,0,0.9,0,0,0,0,0,0,0,2.7,0,0,0,0,0,0,0,0,0,0,0,0,2.7,0,0,0,0,0,0,0,0,0,0,0,0,1.631,8,31
0,0,0,0,0,0,0,0,0,0,0,1.75,0,0,0,0,0,0,2.63,0,3.5,0,0,0,0,0,0,0,0,0,0,0,0,0,0,0,0,0,0,0,0,0,0,0,0,0,0,0,0,0,0,0,0,0,1.235,5,21
0,0,0,0,0,0,0,0,0,0,0,0,0,0,0,0,0,0,1.28,0,1.28,0,0,0,0,0,0,0,0,0,0,0,0,0,0,0,0,0,0,0,0,0,0,0,0,0,0,0,0,0,0,0.699,0.932,0,5.083,39,122
0,0,0,0,0,0,0,0,0,0,0,0,0,0,0,0,0,0,4.34,0,0,0,0,0,0,0,0,0,0,0,0,0,0,0,0,0,4.34,0,0,0,0,0,0,0,0,0,0,0,0,0,0,0.558,0,0,2,7,28
0,0,0.32,0,0.64,0.64,0.64,0.32,0.32,0,0,0.32,0.32,0,0,0.32,0.32,0.32,2.25,0,3.21,0,0,0.32,0,0,0,0,0,0,0,0,0,0,0,0,0,0,0,0,0,0,0,0,0.64,0,0,0,0,0.156,0,0,0.156,0,1.752,19,149
0.09,0.49,0.59,0,0.39,0.19,0,0,0.09,0.39,0,1.57,0.19,0,0,0,0.09,0,3.75,0.09,1.08,0,0,0.09,0,0,0,0,0,0,0,0,0,0,0,0,0,0,0,0,0,0,0,0,0,0,0,0,0.767,0.037,0,5.84,1.311,0,5.96,54,757
0.17,0,0.51,0,0.17,0,0,0,0,1.36,0,0.17,0,0,0,0.17,0.34,0,1.19,0,0.85,0,0,0,1.53,0.68,0,0,0,0,0,0,0,0,0,0,0,0,0,0,0,0,0,0,0,0,0,0,0.027,0.111,0,0.167,0,0,1.894,22,216
0,0,0.31,0,0.63,0.63,0.31,0.31,0,0,0,0.31,0.31,0,0,0.31,0.31,0,2.55,0,3.19,0,0,0.31,0,0,0,0,0,0,0,0,0,0,0,0,0,0,0,0,0,0,0,0,0.31,0,0,0,0,0.108,0,0,0.163,0.054,1.515,10,144
0,0.24,0,0,0.24,0,0,0.24,0,0.49,0,0,0,1.49,0,0,0,0,0.99,0,0,0,0,0,0.49,0,0.24,0,0,0,0.24,0,0,0,0.24,0,0.49,0,0,0,0,0,0,0,0,0,0,0,0,0,0,0,0.163,0,9.876,235,1116
0,0,0,0,0,0,0,0,0,0,0,0,0,0,0,0,0,0,0,0,0,0,0,0,0,0,0,0,0,0,0,0,0,0,0,1.33,0,0,0,0,0,0,0,0,1.33,0,0,0,0,0.213,0,0.426,0.213,0,4.6,23,69
0,0,0.57,0,0,0,0,0,0,0,0,0,0,0,0,0,0,0,0.28,0,0,0,0,0,0.28,0.28,0,0,0,0,0,0,0,0,0,0,0,0,0,0,0.28,0,0,0.28,0.28,0.28,0,0.28,0,0.043,0,0,0,0,1.641,8,110
0,0,0,0,0,0,0,0,0,0,0,0,0,0,0,0,0,0,0,0,0,0,0,0,0,0,20,0,0,0,0,0,0,0,0,0,0,0,0,0,0,0,0,0,0,0,0,0,0,0,0,0,0,0,1,1,5
0,0,0,0,0,0,0,0,0,0,0,1.58,0,0,0,0,0,0,0,0,0,0,0,0,0,0,0,0,0,0,0,0,1.58,0,0,0,1.58,0,0,0,0,0,0,0,0,0,0,0,0,1.182,0,0,0,0,2.057,13,72
0,0,0,0,0,0,0,0,0,0,0,2.22,0,0,0,0,0,0,0.74,0,0,0,0,0,0,0,0,0,0,0,0,0,0,0,0,0,0.74,0,0,0,0,0,0,0,0,2.22,0,0,0,0,0,0,0.277,0,2.72,15,68
0.11,0,0.11,0,0,0,0,0,1.15,0,0,0.34,0,0,0,0,0,0,0.46,0,0.23,0,0,0,0.57,0.69,0.11,0,0,0,0,0,0.34,0,0,0.11,0,0,0,0,0,0,0,0,0,0,0,0,0.047,0.159,0.031,0,0.031,0,3.196,32,505
0,0,0,0,0,0,0,0,0,0,0,0,0,0,0,0,0,0,0,0,0,0,0,0,0,0,25,0,0,0,0,0,0,0,0,0,0,0,0,0,0,0,0,0,0,0,0,0,0,0,0,0,0,0,1,1,4
0,0,0.58,0,0,0,0,0,0,0,0,0,0,0,0,0,0,0.58,0,0,0,0,0,0.58,1.75,1.16,0,0.58,0,0.58,0.58,0,0,0,0.58,0.58,0,0,0,0,0,0,0,0,0,0,0,0,0,0.059,0,0,0,0.178,2.506,11,183
0.3,0,0.3,0,0,0,0,0,0,0,0,0.3,0.6,0,0,0,0,0,3.03,0,1.51,0,0,0,0,0,0,0,0,0,0,0,0,0,0,0,0,0,0,0,0.6,0,0,0,1.21,0,0,0,0.055,0.11,0,0.055,0,0,1.947,7,74
0,0,0.32,0,0.65,0.65,0.32,0.32,0,0,0,0.32,0.32,0,0,0.32,0.32,0,2.28,0,3.26,0,0,0.32,0,0,0,0,0,0,0,0,0,0,0,0,0,0,0,0,0,0,0,0,0.32,0,0,0,0,0.106,0,0,0.159,0,1.494,10,139
0,0,0,0,0,0,0,0,0,0,0,0.85,0,0,0,0,0,0.85,2.56,0,0,0,0,0,0.85,0.85,0,0.85,0,0,0,0,0,0,0.85,0,1.7,0,0,0,0,0,0.85,0,0.85,0,0,0,0.142,0,0.142,0,0,0,1.717,12,67
0,0,0,0,0,0,0,0,0,0,0,0,0,0,0,0,0,0,0,0,0,0,0,0,0,0,0,0,0,0,0,0,0,0,0,0,0,0,0,0,0,0,0,0,0,0,0,0,0,0,0,0,0,0,1.25,2,5
0,1.25,0,0,0,0,1.25,0,0,0,0,0,0,0,0,1.25,1.25,1.25,1.25,0,3.75,0,0,0,0,0,0,0,0,0,0,0,1.25,0,0,0,0,0,0,0,0,0,0,0,0,0,0,0,0.199,0,0,0.298,0,0,3.976,32,171
0,0.33,0,0,0.33,0,0,0,0,0,0,0.33,0,0,0,0,0,0.33,0,0,0,0,0,0,0.33,0.33,0,0.67,0,0,0,0,0,0,0.33,0,0,0,0,0,0,0,0,0.33,0,0,0,0.33,0,0.132,0,0,0,0,1.857,15,117
0,0,0,0,0,0,0,0,0,0,0,0,0,0,0,0,0,0,1.92,0,1.92,0,0,0,0,0,0,0,0,0,0,0,0,0,0,0,1.92,0,0,0,0,0,0,0,0,5.76,0,0,0,0.336,0,0,0,0,2.352,15,40
0,0,0.58,0.58,0,0,0,0.29,0,0,0,0,0.29,0,0,0,0.29,0.58,2.91,0.87,1.74,0,0,0.29,0,0,0,0,0,0,0,0,0,0,0,0,0,0,0,0,0,0,0,0,0,0,0,0,0,0.43,0,1.434,0,0.047,3.281,64,361
0,0,0,0,0,0,0,0,0,0,0,0,0,0,0,4,0,0,0,0,0,0,0,0,0,0,0,0,0,0,0,0,0,0,0,0,0,0,0,0,0,0,0,0,0,0,0,0,0,0,0,2.453,0,0,4.153,26,54
0,0,0.08,0,0.17,0,0,0.08,0.08,0,0,0.43,0.08,0,0,0,0,0,0,0,0,0,0.08,0,3.54,0,0,0,0,0,0,0,0,0,0,0.77,0.17,0,0,0,0,0.08,0,0.17,0,0,0,0.17,0.08,0.045,0,0,0.011,0,2.45,25,566
0,0,0,0,0.47,0,0,0,0,0,0,0.47,0,0,0,0,1.9,0,0,0,0,0,0,0,1.9,0.95,0,0,0,1.42,0,0,0,0,0,0.47,0,0,0,0,0,0,0,0,0,0,0,0,0,0.217,0,0,0,0,1.677,5,99
0.03,0,0.03,0.13,0.06,0.03,0,0,0.32,0,0,0.09,0,0,0,0,0,0.03,0.13,0,0.09,0,0,0,1.4,1.44,0.03,0,0,0,0,0,0.09,0,0,0.03,1.27,0.03,0,0,0,0,0,0.06,0,0,0,0,0.226,0.235,0.181,0,0.009,0,2.754,34,2688
0.32,0,0,0,0,0,0,0,0,0.64,0,3.23,0,0,0,0,0,0,0.32,0,0,0,0,0,3.88,2.58,0,0,0,0.32,0,0,0,0,0.32,0,0,0,0,0,0,0,0,0,0,0,0,0,0,0.492,0,0,0,0,1.89,11,138
0,0,0,0,0,0,0,0,0,0,0,0,0,0,0,0,0,0,9.09,0,0,0,0,0,0,0,9.09,0,0,0,0,0,0,0,0,0,0,0,0,0,0,0,0,0,0,0,0,0,0,0,0,0,0,0,1,1,5
0,0,0,0,0,0,0,0,0,0,0,0,0,0,0,0,0,0,0,0,0,0,0,0,0,0,20,0,0,0,0,0,0,0,0,0,0,0,0,0,0,0,0,0,0,0,0,0,0,0,0,0,0,0,1,1,5
0,0,0,0,1.63,0,0,0,0,0,0,0,0,0,0,0,0,0,4.91,0,0,0,0,0,0,0,0,0,0,0,0,0,0,0,0,0,0,0,0,0,0,0,0,0,0,0,0,0,0,0,0,0,0,0,1.769,5,46
0,0,1.4,0,0.46,0,0.46,1.4,0,0.46,0,0,0,0,0,0,0,0,2.8,0,1.86,0,0,0,0,0,0,0,0,0,0,0,0,0,0,0,0,0,0,0.93,0,0,0,0,0,0,0,0,0,0.123,0,0.37,0,0,6.137,54,313
0,0,0,0,0,0,0,0,0,0,0,0,0,0,0,0,0,0,1.98,0,0.99,0,0,0,2.97,1.98,0,0.99,0,0,0,0,0,0,0.99,0,0,0,0,0,0,0,0,0,0,0,0,0,0,0.51,0,0,0,0,2.347,10,54
0.27,0.27,0.55,0,0.27,0.27,0,1.37,0.27,0.82,0.27,0.55,0,0,0,0,1.37,0.55,1.65,2.2,3.03,0,0,0,0,0,0,0,0,0,0,0,0,0,0,0,0,0,0,0.27,0,0,0,0,0,0,0,0,0,0.279,0,1.023,0.093,0,3.621,63,344
1.18,0.39,0.59,0,0,0.98,0.19,0.19,1.38,0.39,0,0.98,0,0.19,0,0.98,0,0,2.56,0.39,1.38,0,0,1.38,0,0,0,0,0,0,0,0,0,0,0,0,0,0,0,0,0,0,0,0,0,0,0,0,0,0.238,0,0.766,0.317,0.026,6.652,76,632
0,0,0,0,0,0,0,0,0,0,0,0.68,0,0,0,0,0.68,0,0.68,0,0,0,0,0,0,0,0,0,0,0,0,0,0,0,0,2.04,0,0,0,0,0,0,0,3.4,0,0,0,0.68,0,0.086,0,0,0,0,1.41,5,79
0,0.26,0.78,0,0.26,0.43,0.08,1.12,0.43,1.47,0.26,0.69,0.17,0.08,0.69,0.86,0.6,0,1.82,0.6,1.39,0,0.08,0.26,0,0,0,0,0,0,0,0,0.08,0,0,0,0,0,0,0,0,0,0,0,0.26,0.08,0,0,0.097,0.222,0,0.444,0.25,0.111,3.138,54,929
0,0,0,0,0,0,0,0,0,0,0,0,0,0,0,0,0,0,0,0,0,0,0,0,0,0,0,0,0,0,0,0,0,0,0,0,0,0,0,0,0,0,0,0,0,0,0,0,0,0.934,0,0,0,0,3.2,7,16
0,0.82,0,0,0,0,0,0,0,1.24,0,0,0,0,0,0,0,0,1.65,0,0,9.95,0,0,0,0,0,0,0,0,0,0,0,0,0,0,0,0,0,0,0,0,0,0,0,0,0,0,4.149,0,0,0.07,0,0.562,7.416,43,356
0.2,0,0.2,0,0.2,0,0,0,0,0,0,1,0.2,0,0,0,0,0.2,0.4,0,0,0,0,0,2.61,1.2,0,0.4,0,0,0,0,0.8,0,0.4,0,0.8,0,0,0,0,0,0,0,0,0.2,0,0,0.061,0.462,0.061,0,0,0,2.61,24,308
0,0,0,0,0,0,0,0,0,0,0,0,0,0,0,0,0,0,0.99,0,0.99,0,0,0,0,0,1.98,0,0,0,0,0,0,0,0,0,0.99,0,0,0,0,0,0,0.99,0.99,0,0,0,0,0,0,0,0,0,1.478,5,34
0,14.28,0,0,0,0,0,0,0,0,0,0,0,0,0,0,0,0,0,0,0,0,0,0,0,0,0,0,0,0,0,0,0,0,0,0,0,0,0,0,0,0,0,0,0,0,0,0,0,0,0,0,0,0,1.8,5,9
0,0,1.31,0,0,0,0,1.31,0,0,0,0,0,0,0,0,0,0,3.94,0,0,0,0,0,0,0,0,1.31,0,0,0,0,0,0,0,0,0,0,0,0,0,0,0,0,1.31,0,0,0,0,0.279,0,0.139,0,0,2.13,15,49
0,0,0.4,0,0,0,0,0,0.4,0.4,0,0,0,0,0,0,0,0.4,1.63,0,0.4,0,0,0,0,0,0,0,0,0,0,0,0,0,0,0,0,0.4,0,0,0.81,0,0,0,0,3.68,0,0,0.139,0,0,0.069,0,0,2.525,15,101
0,0.25,0,0,0,0,0,0,0,0.51,0.77,0.25,0,0,0,0,0,0,1.02,0,0.51,0,0,0,0.25,0.51,0,0,0,0,0,0,0,0,0,0,0,0,0,0,0,0,0,0,0,0,0,0,0,0.124,0,0.207,0,0,10.409,343,635
0,0,0,0,0,0,0,0,0,0,0,0,0,0,0,0,0,0,0.77,0,2.32,0,0,0,0,0,0,0,0,0,0,0,0,0,0,0,0,0,0,0,0,0.77,0,1.55,0,0,0,0,0.247,0.247,0,0,0,0,1.611,12,29
2.77,0,0,0,0,0,0,0,0,0,0,0,0,0,0,0,0,0,0,0,0,0,0,0,0,0,0,0,0,0,0,0,0,0,0,0,0,0,0,0,0,0,0,0,0,0,0,0,0,0,0,0,0,0,1.1,2,11
0,0.16,0.49,0,0,0.16,0,0,0,0.49,0,0.16,0.32,0,0,0,0,0,1.3,0,0.32,0,0,0,0,0,0,0,0,0,0,0,0,0,0,0,0.16,0,0,0,0,0,0,0,0.16,0.16,0,0,0,0.119,0,0.149,0,0,2.178,107,244
0,0,0,0,0,0,0,1.07,0,0,0,0,0,0,0,0,0,0,0,0,0,0,1.07,0,0,0,0,0,0,0,0,0,0,0,0,0,0,0,0,0,0,0,0,0,1.07,0,0,0,0,0.19,0,0.19,0.38,0,3.6,16,72
0,0,0,0,0,0,0,0,0,0,0,0,0,0,0,0,0,0,0,0,0,0,0,0,0,0,20,0,0,0,0,0,0,0,0,0,0,0,0,0,0,0,0,0,0,0,0,0,0,0,0,0,0,0,1,1,5
0,0,0,0,1.85,0,0,0,0,0,0,1.85,1.85,0,0,0,0,0,1.85,0,0,0,0,0,0,0,0,0,0,0,0,0,0,0,0,0,0,0,1.85,0,0,0,0,0,0,0,0,0,0,0,0,0,0,0,1.714,4,12
0,0,0,0,0,0,0,0,0,0,0,0,0,0,0,0,0,0,0,0,0,0,0,0,0,0,0,0,0,0,0,0,7.4,0,0,0,0,0,0,0,0,0,0,0,0,0,0,0,0,0,0,0,0,0,1.714,3,12
0,0.41,0.53,0,0.11,0.05,0,0.05,0.11,0,0,0.17,0.05,0,0,0.05,0,0.53,1.19,0.35,0.53,0,0.23,0.23,0,0,0,0,0,0,0,0,0,0,0,0,0,0,0,0,0,0,0,0,0,0,0,0,0,0.064,0.01,0.032,0.14,0,1.364,14,303
0,0,0,0,0,0,0,0,0,5.26,0,0,0,0,0,0,0,0,5.26,0,0,0,0,0,0,0,0,0,0,0,0,0,0,0,0,0,0,0,0,0,0,0,0,0,0,0,0,0,0,0,0,0,0,0,1.666,3,5
0,0,0,0,0.43,0.43,0.43,0.43,0,0,0,0.43,0,0,0,0,0,0,0.87,0,0,9.17,0,0,0,0,0,0,0,0,0,0,0,0,0,0,0,0,0,0,0,0,0,0,0,0,0,0,0,0,0,0.395,0,1.121,7.983,72,495
0,0.33,0.33,0,1.65,0.33,0.66,0,0,0.16,0.16,0.99,0,0,0,0.82,0.33,0.16,2.81,0,0.99,0,0.49,0.33,0,0,0,0,0,0,0,0,0.16,0,0,0,0,0,0,0,0,0,0,0,0,0,0,0,0,0.025,0.075,0.252,0.05,0.05,6.269,350,721
0,0.85,0.42,0,0,0,0,1.28,0,0,0,0.42,0,0,0,0,0,0.42,1.28,0,0,0,0,0,2.14,1.28,0,0.42,0,0.42,0.42,0,0,0,0.42,0.42,0,0,0,0,0,0,0,0,0,0,0,0,0,0.112,0,0.056,0,0,1.602,14,125
0,0,0,0,0,0,0,0,0,2.17,0,0,0,0,0,0,0,0,0,0,0,0,0,0,13.04,0,0,0,0,4.34,0,0,0,0,0,0,0,0,0,0,0,0,0,0,0,0,0,0,0,0,0,0,0,6.896,2.142,8,60
0,0,0,0,0,0,0,0,0,0,0,0,0,0,0,0,0,0,3.17,0,0,0,0,0,3.17,0,0,0,0,0,0,0,0,0,0,0,0,0,1.58,0,0,0,0,0,1.58,1.58,0,0,0,0,0,0,0,0,2.071,14,29
0,0,0,9.16,0.27,0,0.55,0.27,0.27,0.27,0,0.27,0,0,0,0,1.11,0,0.55,0.27,0.83,0,0,0,0,0,0,0,0,0,0,0,0,0,0,0,0,0,0,0,0,0,0,0,0,0,0,0,0.387,0,0,0.301,0,0.043,19.482,694,1130
0.13,0.13,0.13,0,0.55,0.27,0.27,0.13,1.1,0.27,0,0.97,0.27,0,0.13,0,0,0,3.88,0.13,2.77,0,0.13,0.55,0,0,0,0,0,0,0,0,0,0,0,0,0,0,0,0.13,0,0,0,0,0,0,0,0,0,0.017,0,1.316,0.177,0,4.947,232,757
0,0,0,0,0,0,0,0,0,1.19,0,0,0,0,0,1.19,0,0,3.57,0,3.57,0,0,0,1.19,1.19,0,0,0,0,0,0,0,0,0,0,0,0,0,0,0,0,0,0,1.19,0,0,0,0,0,0,0.204,0,0,8.636,41,95
0.5,0,0.5,0,1.51,0,0,0,0,0,0.5,1.01,0,0,0,0,0,0,4.04,0,3.03,0,0,0,0,0,0,0,0,0,0,0,0,0,0.5,0,0,0,0,0,0,0,0,0,1.01,0,0,0,0,0.089,0,0.089,0.178,0,3.416,53,164
0,0,3.84,0,0,0,0,0,0,0,0,0,0,0,0,0,0,0,3.84,0,0,0,0,0,0,0,0,0,0,0,0,0,0,0,0,0,3.84,0,0,0,0,0,0,0,0,0,0,0,0,0,0,0,0,0,1.727,5,19
0,0,0,0,0,0,0,0,0,0,0,0,0,0,0,0,0,0,0,0,0,0,0,0,4.65,2.32,2.32,2.32,2.32,2.32,2.32,2.32,0,2.32,2.32,2.32,0,0,0,2.32,0,0,0,0,0,0,0,0,0,0.757,0,0,0,0,2.5,11,50
0,0,0.86,0,0,0,0,0.86,0,0,0,1.73,0,0,0,0,0,0,0,0,0,0,0,0,3.47,5.21,0,0,0,0,0,0,0,0,0,0,0,0,0,0,0,0,0,0,0,0,0.86,0,0,0.125,0,0,0,0,1.8,9,72
0,0,0,0,0,0,0,0,0,0,0,0,0,0,0,0,0,0,2.46,0,2.46,0,0,0,0,0,0,0,0,0,0,0,0,0,0,0,0,0,0,0,0,0,0,0,0,0,0,0,0,0,0,0.415,0,0,1.909,9,42
0,1.26,0,0,0,1.26,0,0,0,0,0,1.26,0,0,0,0,0,0,0,0,1.26,0,0,1.26,0,0,0,0,0,0,0,0,0,0,0,0,0,0,0,0,0,0,0,0,1.26,0,0,0,0,0.198,0,0.198,0.596,0,3.833,17,69
0,0.46,0.46,0,2.8,0,0,0,0,0,0,1.4,0,0,0,1.4,0,1.4,1.86,0,0.46,0,0,0,0,0,0,0,0,0,0,0,0,0,0,0,0.93,0,0,0,0,0,0,0,0,0,0,0,0,0.148,0,0.74,0,0,2.673,21,139
0,0,1.88,0,0.94,0,0,0,0,0,0,0,0,0,0,0,0,0,2.83,0,0,0,0,0,0,0,0,0,0,0,0,0,0,0,0,0,0,0,0,0,0,0,0,0,0.94,0,0,0,0,0,0,0.756,0,0,1,1,22
0,0,0,0,0,0,0,0,0,0,0,0.86,0,0,0,0,0,0,0,0,0,0,0,0,0,0,0,0,0,0,0,0,0,0,0,0,0.86,0,0,0,0,0,0,0,0,0,0,0,0,0,0,0,0,0,1.592,8,43
0,0.56,0,0,0.56,0,0,0,0,0,0,1.7,0,0,0,0,1.7,0,1.13,0,0,0,0,0,0,0,0,0,1.13,0.56,0,0,0,0,0,0,0,0,0.56,0,0,0,0,0,0,0,0,0,0,0,0,0,0,0,2.028,13,71
0,0,0,0,0,0,0,0,0,0,0,0,0,0,0,0,0,0,12.5,0,0,0,0,12.5,0,0,0,0,0,0,0,0,0,0,0,0,0,0,0,0,0,0,0,0,0,0,0,0,0,0,0,0,0,0,1,1,2
0,0,0,0,0,0,0,0,0,0,0,0,0,0,0,0,0,0,0,0,0,0,0,0,0,0,14.28,0,0,0,0,0,0,0,0,0,0,0,0,0,0,0,0,0,0,0,0,0,0,1.754,0,0,0,0,1,1,7
0,0,0,0,0,0,0,0,0,0,0,0,0,0,0,0,0,0,0,0,0,0,0,0,0,0,0,0.64,0,0,0,0,0.32,0,0,0,0,0,0.64,0,0,0,0,0,0,0,0,0,0,0.254,0,0,0,0,1.987,28,153
0,0,0,0,0,0,0,0,0,0,0,0,0,0,0,0,0,0,2.08,0,0,0,0,0,0,0,0,0,0,0,0,0,0,0,0,0,0,0,0,0,0,0,0,0,0,0,0,0,0,0,0,0,0,0,1.428,4,10
0,0,0.71,0,0.89,0.17,0.17,0,0,1.24,0.17,0,0,0,0.89,0,0.17,0.35,1.24,0.17,1.42,6.41,1.06,0,0,0,0,0,0,0,0,0,0,0,0,0,0,0,0,0,0,0,0,0,0,0,0,0,0,0,0,0.278,0.216,0.836,8.523,58,895
0,0,0,0,0,0,0,0,0,0,0,0,0,0,0,0,0,0,0,0,0,0,0,0,0,0,0.17,0,0.17,0,0,0,0,0,0,0,0,0,0,0,0,0,0,0,0,0,0,0,0,0.026,0.343,0,0,0.026,4.326,28,822
0,0,0,0,0,0,0,0,0,0,0,0,0,0,0,0,0,0,0,0,0,0,0,0,0,0,0,0,0,0,0,0,0,0,0,0,0,0,0,0,0,0,0,0,0,0,0,0,0,0,0,0,0,0,1,1,3
0,0,0,0,0,0,0,0,0,0,0,0,0,0,0,0,0,0,2.17,0,2.17,0,0,0,0,0,0,0,0,0,0,0,0,0,0,0,0,0,0,0,0,0,0,0,0,0,0,0,0,0,0,0.411,0,0,4.307,15,56
0,0,0,0,0,0,0,0,0,0,0,0,0,0,0,0,0,0,0,0,0,0,0,0,0,0,0,0,0,0,0,0,0,0,0,0,0,0,0,0,0,0,0,0,2.5,0,0,0,0,0,0,0,0,0,1.333,3,12
0,0,0,0,0,0,0,0,0,0,0,0.55,0.55,0,0,0,0,0,1.65,0,0.55,0,0,0,1.1,0.55,0,0,0,0.55,0.55,0,0,0,0,0,0.55,0,0,0,0,0,0,0,0,0,0,0,0.087,0,0,0,0,0,1.657,8,58
0,0,0.48,0,1.46,0,0.48,0,0,0,0,0.97,0,0,0,0.48,0.97,0,2.43,0,2.43,0,0.48,0,0,0,0,0,0,0,0,0,0,0,0,0,0,0,0,0,0,0,0,0,0.48,0,0,0,0,0.081,0,0.488,0.244,0,5.431,78,239
1.08,0,1.08,0,0,0,0,0,0,0,0,0,0,0,0,0,0,0,0,0,0,0,0,0,0,0,0,0,0,0,0,0,0,0,0,0,0,0,0,0,0,0,0,0,1.08,0,0,0,0,0,0,0,0,0,1.523,5,32
0,0,0,0,2.02,0,0,0,0,0,0,0,1.01,0,0,0,0,0,1.01,0,0,0,0,0,0,0,0,0,0,0,0,0,0,0,0,0,0,0,0,0,0,0,0,2.02,0,0,0,0,0.166,0.166,0.166,0,0,0,1.428,6,40
0,0,1.92,0,0,0,0,0,0,0,0,0,0,0,0,0,3.84,0,1.92,0,1.92,0,0,0,0,0,0,0,0,0,0,0,0,0,0,0,0,0,0,0,0,0,0,0,0,0,0,0,0,0,0,1.336,0,0,1.21,3,23
0,0,0,0,0,0,0,0,0,0,0,0,0,0,0,0,0,0,0.66,0,0.33,0,0,0,5.66,2.66,2,0.66,0.66,0.66,0.66,0.66,0,0.66,0.66,0.66,0.66,0,0.33,0.66,0,0,0.66,0,0.66,0,0,0,0.101,0.254,0.101,0.05,0.05,0,2.725,15,248
0,0,0.46,0,1.39,0,0.93,0.93,0,0,0.46,0.93,0,0,0,1.39,0,0.46,0.93,0,0.46,0,0,0,0,0,0,0,0,0,0,0,0,0,0,0,0,0.46,0,0,0,0,0,0,0,0,0,0,0.069,0,0,0,0,0.069,1.442,8,75
0,0,0,0,0,0,0,0,0,0,0,0,0,0,0,0,0,0,0,0,0,0,0,0,8,4,4,4,4,4,4,4,0,4,4,4,0,0,0,4,0,0,0,0,0,0,0,0,0,1.117,0,0,0,0,3.333,11,30
0.54,0,0.54,0,1.63,0,0,0,0,0,0,0.54,0,0,0,0.54,0.54,0,2.17,0,5.97,0,0.54,0,0,0,0,0,0,0,0,0,0,0,0,0,0,0,0,0,0,0,0,0,0,0,0,0,0,0,0,0.715,0.318,0,2.345,22,129
0.34,0,1.7,0,1.02,0,0,0,0.68,1.02,0,0,0,0,0,0,0,0,0.34,1.02,0.68,0,0,0,0.34,0,0,0,0,0,0,0,0,0,0,0,0,0,0,0,0,0,0,0,0,0,0,0,0,0,0,0.898,0.105,0,443.333,1325,1330
